0.477284 -0.878556 0.0184031 0.681433 0.878745 0.477243 -0.00686302 0.552625 -0.00275319 0.0194472 0.999807 0.791128
0.475569 -0.879562 0.0143053 1.0811 0.879678 0.475521 -0.0068145 1.33754 -0.000808696 0.0158249 0.999874 0.795587
0.474329 -0.880248 0.0132121 1.48817 0.880347 0.474292 -0.00604467 2.13027 -0.000945582 0.0144984 0.999894 0.799857
0.472888 -0.881008 0.0142354 1.89924 0.881119 0.472871 -0.00474069 2.93115 -0.00255493 0.0147849 0.999887 0.805198
0.471519 -0.881732 0.0147828 2.31601 0.881847 0.471523 -0.00340713 3.73613 -0.00396623 0.0146427 0.999885 0.809163
0.470459 -0.882287 0.0154489 2.7321 0.882411 0.47047 -0.00315605 4.54743 -0.00448371 0.0151171 0.999876 0.811514
0.468958 -0.883093 0.0150211 3.15176 0.883212 0.468959 -0.0036732 5.36072 -0.0038005 0.0149894 0.99988 0.813684
0.468012 -0.88358 0.0158237 3.57241 0.883718 0.467989 -0.00541075 6.17709 -0.00262447 0.016516 0.99986 0.816157
0.467262 -0.883958 0.016851 3.99817 0.88411 0.467258 -0.00440531 7.00087 -0.00397967 0.0169566 0.999848 0.818252
0.467129 -0.884019 0.0173616 4.42399 0.884154 0.467196 -0.000274735 7.83315 -0.00786838 0.0154786 0.999849 0.823036
0.467689 -0.8837 0.0184801 4.85329 0.883817 0.467821 0.00335548 8.66762 -0.0116106 0.0147637 0.999824 0.828415
0.468863 -0.88303 0.0206372 5.28767 0.883155 0.469052 0.00525927 9.50472 -0.014324 0.01576 0.999773 0.828973
0.470097 -0.882356 0.021373 5.72365 0.882479 0.470312 0.00615442 10.3446 -0.0154824 0.015968 0.999753 0.8254
0.47122 -0.881788 0.02003 6.16114 0.881917 0.471386 0.00429228 11.1862 -0.0132268 0.0156422 0.99979 0.820601
0.472196 -0.881337 0.0166164 6.60077 0.881456 0.472266 0.000316469 12.0321 -0.0081263 0.0144972 0.999862 0.817176
0.473348 -0.880743 0.0152862 7.04542 0.880864 0.47336 -0.00306271 12.8821 -0.00453841 0.0149148 0.999878 0.815236
0.474016 -0.880337 0.0177972 7.49687 0.880499 0.474035 -0.00340213 13.7395 -0.00544148 0.0172831 0.999836 0.816141
0.47371 -0.880411 0.0217918 7.95187 0.880621 0.473821 -0.000107113 14.6038 -0.0102311 0.0192411 0.999763 0.816147
0.472828 -0.880752 0.026643 8.40868 0.881038 0.47304 0.00194493 15.4713 -0.0143162 0.0225539 0.999643 0.815519
0.471953 -0.880993 0.0333507 8.87196 0.881509 0.472164 -0.00172676 16.3343 -0.0142257 0.0302139 0.999442 0.810251
0.470705 -0.881635 0.0340171 9.3295 0.882231 0.470771 -0.00652686 17.2013 -0.01026 0.0330832 0.9994 0.802836
0.469498 -0.882378 0.0313101 9.78285 0.882914 0.469427 -0.0100568 18.0757 -0.0058239 0.0323657 0.999459 0.799617
0.467851 -0.883298 0.0300035 10.2455 0.883797 0.467738 -0.0111058 18.9736 -0.004224 0.0317128 0.999488 0.809203
0.466834 -0.883798 0.0311064 10.7287 0.884322 0.466785 -0.0092602 19.9152 -0.00633585 0.0318311 0.999473 0.842538
0.465799 -0.884386 0.0298722 11.2023 0.884841 0.465866 -0.00510241 20.848 -0.0094039 0.0288088 0.999541 0.868151
0.464629 -0.884993 0.030127 11.6768 0.885444 0.464729 -0.00401181 21.7793 -0.0104505 0.0285398 0.999538 0.89194
0.463646 -0.885495 0.0305236 12.1475 0.885931 0.463814 -0.00173826 22.7016 -0.0126181 0.0278478 0.999533 0.906569
0.463423 -0.885526 0.0329029 12.6189 0.885985 0.463712 0.00131853 23.627 -0.0164251 0.0285404 0.999458 0.920858
0.462932 -0.885929 0.0286987 13.075 0.886209 0.463255 0.00543462 24.5447 -0.0181095 0.0229172 0.999573 0.924901
0.462953 -0.885937 0.0281228 13.5342 0.886189 0.463282 0.00620278 25.4605 -0.0185241 0.0220505 0.999585 0.928527
0.46288 -0.885992 0.0275842 13.9915 0.886261 0.463164 0.00460866 26.3643 -0.0168593 0.0223135 0.999609 0.92664
0.463145 -0.885952 0.0242028 14.4416 0.88617 0.463349 0.00327668 27.266 -0.0141173 0.0199302 0.999702 0.929394
0.462366 -0.886363 0.0240424 14.895 0.886582 0.462561 0.00300533 28.1603 -0.0137849 0.019926 0.999706 0.93619
0.461154 -0.886922 0.0265771 15.3507 0.887189 0.461394 0.00338187 29.0527 -0.0152619 0.0220193 0.999641 0.940534
0.460352 -0.88733 0.0268639 15.7991 0.887589 0.460617 0.00431695 29.9437 -0.0162045 0.0218567 0.99963 0.947217
0.460141 -0.887535 0.0235066 16.2386 0.887731 0.460346 0.00388124 30.8291 -0.0142659 0.0190816 0.999716 0.952231
0.459651 -0.887864 0.0204658 16.6754 0.888053 0.45974 -0.000399462 31.7073 -0.00905427 0.0183583 0.99979 0.954799
0.459248 -0.888094 0.019517 17.1165 0.888273 0.459314 -0.00121411 32.586 -0.0078862 0.017894 0.999809 0.956782
0.458886 -0.888239 0.0213241 17.5603 0.888427 0.459015 0.00132014 33.4645 -0.0109607 0.0183392 0.999772 0.966023
0.458531 -0.88832 0.0252141 18.0021 0.888568 0.458737 0.00272737 34.3372 -0.0139894 0.0211538 0.999678 0.970026
0.458249 -0.888417 0.0268981 18.4404 0.888697 0.458485 0.00300995 35.206 -0.0150065 0.022525 0.999634 0.972539
0.458141 -0.888401 0.0291571 18.8768 0.888766 0.45836 0.000960606 36.0663 -0.0142179 0.0254737 0.999574 0.971977
0.457725 -0.888543 0.0313008 19.3176 0.889006 0.45789 -0.00209638 36.9256 -0.0124696 0.0287862 0.999508 0.970596
0.456669 -0.889023 0.0330363 19.7518 0.88954 0.456852 -0.00220577 37.7822 -0.0131317 0.0303944 0.999452 0.969587
0.455556 -0.889412 0.0376093 20.1889 0.890038 0.455886 0.000222034 38.6422 -0.017343 0.0333726 0.999292 0.966271
0.454854 -0.889582 0.0418448 20.6197 0.890275 0.455403 0.0041447 39.504 -0.0227433 0.0353682 0.999116 0.958328
0.454281 -0.889879 0.0417669 21.0411 0.890507 0.45492 0.00677398 40.3605 -0.0250286 0.0341165 0.999104 0.949994
0.453043 -0.890625 0.0392323 21.4609 0.891203 0.453573 0.00535717 41.2052 -0.022566 0.0325369 0.999216 0.943547
0.45201 -0.891361 0.0341054 21.8769 0.891895 0.452241 -0.00105802 42.0336 -0.0144808 0.0308967 0.999418 0.936933
0.451231 -0.891887 0.0304644 22.2898 0.892368 0.45127 -0.00598573 42.8533 -0.00840908 0.0298864 0.999518 0.935246
0.450045 -0.892618 0.0263001 22.6904 0.892959 0.450128 -0.00301713 43.6745 -0.00914528 0.0248428 0.99965 0.937758
0.449159 -0.893112 0.0246607 23.0889 0.893373 0.449315 0.000907575 44.4834 -0.011891 0.0216235 0.999695 0.945653
0.447878 -0.893798 0.0230344 23.4796 0.893989 0.448072 0.00382902 45.2797 -0.0137435 0.0188776 0.999727 0.953644
0.446794 -0.894354 0.0225002 23.8649 0.894544 0.446968 0.00311507 46.0611 -0.0128428 0.0187356 0.999742 0.956222
0.445318 -0.895111 0.0216298 24.2417 0.89527 0.445503 0.00440795 46.8329 -0.0135817 0.0174016 0.999756 0.95888
0.443951 -0.895809 0.020807 24.612 0.895938 0.444144 0.00553715 47.5928 -0.0142016 0.0161836 0.999768 0.963631
0.442482 -0.896523 0.0213889 24.9778 0.89665 0.442695 0.00631708 48.3407 -0.0151322 0.0163832 0.999751 0.967208
0.441153 -0.897158 0.0221658 25.3382 0.897293 0.441385 0.00668022 49.078 -0.0157769 0.0169423 0.999732 0.968464
0.439833 -0.897828 0.0212625 25.6883 0.897899 0.440096 0.009632 49.8047 -0.0180054 0.0148552 0.999728 0.970087
0.438648 -0.898394 0.0218323 26.0332 0.898378 0.438989 0.0143436 50.5245 -0.0224703 0.0133219 0.999659 0.970063
0.436914 -0.899266 0.020642 26.3741 0.89917 0.437262 0.0171682 51.2261 -0.0244647 0.0110597 0.99964 0.97354
0.435588 -0.899999 0.0162684 26.6974 0.899898 0.435821 0.015592 51.9095 -0.0211229 0.00784821 0.999746 0.977496
0.434618 -0.900536 0.0119226 27.0132 0.90051 0.434731 0.00955262 52.5727 -0.0137856 0.00658466 0.999883 0.98175
0.43336 -0.901165 0.0100176 27.3205 0.901184 0.433416 0.00419068 53.2187 -0.0081183 0.00721165 0.999941 0.982967
0.432949 -0.901381 0.00827237 27.6186 0.901401 0.43298 0.00234436 53.8514 -0.00569494 0.00644174 0.999963 0.988458
0.432221 -0.901735 0.00770757 27.9062 0.901725 0.432268 0.00607215 54.4682 -0.00880721 0.00432559 0.999952 1.00029
0.431014 -0.902307 0.00832684 28.1876 0.902265 0.43108 0.0093422 55.0645 -0.0120191 0.0034864 0.999922 1.0177
0.429868 -0.902842 0.00952912 28.4627 0.902843 0.42993 0.00580331 55.6369 -0.00933633 0.00610865 0.999938 1.0296
0.42986 -0.902785 0.0141517 28.7356 0.902884 0.429881 -0.00172662 56.1884 -0.00452479 0.0135196 0.999898 1.03897
0.430764 -0.902334 0.0153412 28.9964 0.902464 0.430681 -0.00849074 56.7245 0.00105433 0.0175024 0.999846 1.05119
0.433308 -0.901141 0.0137773 29.2464 0.901244 0.433224 -0.00870676 57.253 0.00187737 0.0161894 0.999867 1.0635
0.436694 -0.899553 0.0101459 29.4888 0.899609 0.436682 -0.00348129 57.7724 -0.00129892 0.0106476 0.999942 1.07769
0.440705 -0.897562 0.0127338 29.7352 0.89764 0.440727 -0.00119749 58.2723 -0.0045373 0.0119581 0.999918 1.08842
0.445267 -0.895205 0.0185749 29.9879 0.895356 0.44535 0.000340282 58.755 -0.00857696 0.0164797 0.999827 1.10034
0.452154 -0.891609 0.0243031 30.236 0.891845 0.452335 0.00226452 59.2252 -0.0130122 0.0206507 0.999702 1.11284
0.461278 -0.88698 0.0221267 30.4729 0.88716 0.461451 0.00315721 59.6811 -0.0130108 0.0181736 0.99975 1.12076
0.474135 -0.880286 0.0170924 30.7004 0.880356 0.474281 0.0055673 60.1288 -0.0130074 0.0124077 0.999838 1.12748
0.489774 -0.871752 0.0130602 30.9328 0.871736 0.489897 0.00877715 60.5591 -0.0140496 0.00708621 0.999876 1.13269
0.508188 -0.861129 0.0141989 31.1777 0.861115 0.508329 0.00909049 60.9658 -0.0150458 0.0076072 0.999858 1.13518
0.529879 -0.847886 0.0178119 31.4317 0.847909 0.530073 0.00855287 61.3522 -0.0166935 0.0105709 0.999805 1.13928
0.553939 -0.832316 0.0200388 31.6919 0.832341 0.554183 0.00946649 61.7248 -0.0189843 0.0114352 0.999754 1.14254
0.580416 -0.81404 0.0213811 31.9596 0.814039 0.580705 0.0110241 62.0847 -0.0213902 0.0110065 0.999711 1.14469
0.609773 -0.792268 0.0221172 32.2384 0.792239 0.61009 0.0121427 62.4275 -0.0231138 0.0101178 0.999682 1.14462
0.641585 -0.766729 0.0222424 32.5265 0.766673 0.64191 0.0128038 62.7548 -0.0240947 0.00883793 0.999671 1.14218
0.675202 -0.737279 0.0228317 32.8268 0.737202 0.675542 0.0132873 63.0603 -0.0252202 0.00786001 0.999651 1.14124
0.710393 -0.703498 0.0208086 33.1361 0.703373 0.710682 0.0140418 63.3424 -0.0246667 0.004661 0.999685 1.14271
0.747152 -0.664378 0.0191339 33.4569 0.664251 0.747392 0.0132648 63.6 -0.0231134 0.00279893 0.999729 1.14312
0.784168 -0.620273 0.0185068 33.7881 0.620148 0.784384 0.012545 63.8312 -0.0222978 0.00163962 0.99975 1.1394
0.82016 -0.571861 0.0176762 34.1279 0.571728 0.82035 0.0123397 64.0361 -0.0215572 -1.45333e-05 0.999768 1.13269
0.854501 -0.519177 0.0168189 34.4752 0.519048 0.854666 0.0116326 64.2141 -0.020414 -0.00121026 0.999791 1.1251
0.886216 -0.462951 0.017243 34.8315 0.462865 0.886384 0.00890949 64.3609 -0.0194086 8.54516e-05 0.999812 1.11945
0.91411 -0.40509 0.0174733 35.1916 0.405008 0.914277 0.00817745 64.4846 -0.019288 -0.000398272 0.999814 1.11784
0.938021 -0.346022 0.0196061 35.5582 0.345923 0.938226 0.00834818 64.5854 -0.0212836 -0.00104857 0.999773 1.11555
0.957908 -0.286232 0.021983 35.9326 0.286058 0.958152 0.0107739 64.6632 -0.0241469 -0.00403206 0.9997 1.1093
0.973808 -0.226135 0.0236832 36.308 0.225932 0.974082 0.010957 64.716 -0.0255472 -0.00531921 0.999659 1.10124
0.985751 -0.166518 0.0237963 36.687 0.166369 0.98603 0.00810082 64.7382 -0.0248128 -0.00402643 0.999684 1.09223
0.993769 -0.108801 0.0241835 37.0632 0.108776 0.994063 0.00235731 64.7372 -0.0242964 0.000287963 0.999705 1.08458
0.998289 -0.0534752 0.0236633 37.4375 0.0533979 0.998566 0.00388742 64.724 -0.0238372 -0.0026172 0.999712 1.07971
0.999726 0.000700234 0.0233924 37.814 -0.000901151 0.999963 0.00857954 64.6984 -0.0233855 -0.00859827 0.99969 1.0734
0.998427 0.0513613 0.0225048 38.1902 -0.0516055 0.998613 0.0104046 64.6525 -0.0219392 -0.0115496 0.999693 1.06643
0.995 0.0975045 0.0216142 38.5604 -0.0976229 0.995213 0.00449212 64.5787 -0.0210727 -0.0065797 0.999756 1.05866
0.989938 0.139744 0.0222327 38.9333 -0.139551 0.990164 -0.0100372 64.4777 -0.0234167 0.00683357 0.999702 1.0471
0.983969 0.176771 0.0236049 39.304 -0.176421 0.984182 -0.016183 64.3744 -0.0260923 0.0117592 0.99959 1.03761
0.977418 0.210212 0.0215639 39.6782 -0.209961 0.977619 -0.013331 64.2775 -0.0238836 0.00850241 0.999679 1.03051
0.970272 0.241178 0.0201108 40.0551 -0.241197 0.970475 -0.00154721 64.1837 -0.0198902 -0.00334945 0.999797 1.03059
0.962809 0.269513 0.0190298 40.4327 -0.269661 0.962939 0.00564699 64.0723 -0.0168026 -0.0105686 0.999803 1.0341
0.955514 0.294455 0.0169702 40.8137 -0.294583 0.95561 0.00549768 63.9366 -0.0145981 -0.0102522 0.999841 1.03303
0.94818 0.317448 0.0134872 41.1949 -0.317486 0.948263 0.000724108 63.7821 -0.0125595 -0.00496857 0.999909 1.02868
0.94152 0.336934 0.00383876 41.5809 -0.336915 0.941523 -0.00477382 63.6105 -0.00522274 0.00320131 0.999981 1.00888
0.934693 0.35543 -0.00438652 41.976 -0.355446 0.93469 -0.00358807 63.4407 0.00282473 0.00491292 0.999984 0.990689
0.928186 0.372088 -0.00458592 42.3897 -0.372094 0.928195 -0.000557145 63.2654 0.00404932 0.00222353 0.999989 0.985585
0.922286 0.386504 0.00167935 42.8184 -0.386505 0.922287 0.000442812 63.0766 -0.0013777 -0.00105748 0.999999 0.991257
0.91649 0.400022 0.00527562 43.2488 -0.400023 0.916505 -0.000873649 62.8715 -0.00518461 -0.00130968 0.999986 0.996733
0.910944 0.412478 0.00659334 43.6847 -0.412463 0.910967 -0.00353964 62.6531 -0.00746634 0.000504901 0.999972 0.998919
0.90594 0.423367 0.00577645 44.127 -0.423326 0.90595 -0.00711225 62.4214 -0.00824427 0.00399795 0.999958 0.996798
0.901426 0.432916 0.0038176 44.5808 -0.432865 0.901407 -0.00966894 62.1796 -0.00762704 0.00706333 0.999946 0.994742
0.897647 0.44071 0.00223751 45.0477 -0.440661 0.897604 -0.01123 61.929 -0.00695757 0.00909459 0.999934 0.993121
0.894941 0.446182 0.00121058 45.529 -0.446134 0.894878 -0.0125573 61.6684 -0.00668617 0.010698 0.99992 0.989972
0.892315 0.451414 -0.000414951 46.0239 -0.451379 0.892233 -0.0132829 61.3998 -0.00562584 0.0120398 0.999912 0.984372
0.889428 0.457074 -0.00139389 46.5363 -0.457051 0.889345 -0.0130421 61.1208 -0.00472156 0.0122371 0.999914 0.977036
0.887265 0.461253 -0.00249977 47.0653 -0.461235 0.88715 -0.0150448 60.8283 -0.00472177 0.0145017 0.999884 0.971901
0.885608 0.464423 -0.00316325 47.6034 -0.464408 0.885466 -0.0165855 60.5219 -0.00490176 0.0161573 0.999857 0.965766
0.883972 0.467527 -0.00332678 48.1597 -0.467509 0.883812 -0.0176289 60.2076 -0.00530173 0.0171387 0.999839 0.960744
0.882472 0.470351 -0.0035266 48.7281 -0.470327 0.882283 -0.0192181 59.879 -0.00592781 0.0186181 0.999809 0.95478
0.881764 0.471659 -0.00544906 49.3095 -0.471651 0.881479 -0.0232392 59.541 -0.00615774 0.0230615 0.999715 0.948343
0.881821 0.47153 -0.00713158 49.9026 -0.471541 0.881437 -0.0267935 59.1923 -0.00634791 0.02699 0.999616 0.940415
0.882598 0.470059 -0.00803764 50.5154 -0.470084 0.882156 -0.0286666 58.8401 -0.00638456 0.0290795 0.999557 0.933052
0.884037 0.467319 -0.00953922 51.1443 -0.467379 0.883523 -0.03073 58.4833 -0.0059326 0.0316249 0.999482 0.926397
0.885769 0.464022 -0.00985964 51.79 -0.464089 0.885224 -0.0316099 58.1201 -0.00593969 0.0325748 0.999452 0.920137
0.88752 0.460681 -0.00907652 52.4553 -0.460709 0.886911 -0.0336883 57.756 -0.00746949 0.0340807 0.999391 0.917682
0.889304 0.457249 -0.0078632 53.1351 -0.457232 0.888677 -0.0345282 57.3896 -0.00880015 0.0343014 0.999373 0.915742
0.891152 0.45368 -0.00465068 53.8346 -0.453572 0.8906 -0.0332324 57.023 -0.010935 0.0317246 0.999437 0.911392
0.892964 0.450118 -0.00308567 54.5401 -0.449967 0.89244 -0.0328716 56.6549 -0.0120423 0.0307416 0.999455 0.905893
0.894754 0.446551 -0.0026992 55.2555 -0.44642 0.894306 -0.0304281 56.288 -0.0111738 0.0284306 0.999533 0.902304
0.896258 0.443509 -0.00452746 55.9749 -0.44346 0.895881 -0.0272158 55.9229 -0.00801441 0.0264002 0.999619 0.90124
0.896887 0.4422 -0.0073302 56.7007 -0.442255 0.896671 -0.0197674 55.5609 -0.00216837 0.020971 0.999778 0.900404
0.896741 0.44247 -0.00868852 57.4293 -0.442555 0.896597 -0.016114 55.1922 0.000660128 0.0182952 0.999832 0.899904
0.896771 0.442427 -0.0077292 58.1612 -0.442494 0.896664 -0.0138651 54.8217 0.000796214 0.0158539 0.999874 0.907158
0.896735 0.44255 -0.00391315 58.8951 -0.442563 0.896651 -0.0124756 54.4512 -0.00201234 0.0129191 0.999915 0.918453
0.896665 0.442693 -0.00372975 59.6245 -0.442701 0.896569 -0.013429 54.0768 -0.00260096 0.0136925 0.999903 0.92712
0.896743 0.442549 -0.00169503 60.3546 -0.442536 0.896669 -0.012117 53.7032 -0.0038425 0.011616 0.999925 0.936559
0.8966 0.442841 -0.000802178 61.0824 -0.442823 0.896545 -0.0106759 53.3283 -0.00400853 0.00992723 0.999943 0.949219
0.896632 0.442777 -0.000283848 61.809 -0.442764 0.896602 -0.00809987 52.9587 -0.00333193 0.00738828 0.999967 0.958061
0.896103 0.443845 0.000117461 62.5345 -0.443839 0.896093 -0.00494368 52.5891 -0.00229949 0.00437792 0.999988 0.966374
0.894887 0.446291 0.0015705 63.2596 -0.446287 0.894887 -0.00238076 52.2195 -0.00246793 0.00142961 0.999996 0.975218
0.893168 0.449705 0.00407367 63.9828 -0.449707 0.893176 -0.000547683 51.8465 -0.0038848 -0.00134278 0.999992 0.984523
0.890962 0.454016 0.00744037 64.7055 -0.454031 0.890986 0.000273789 51.4702 -0.00650496 -0.00362209 0.999972 0.995042
0.888063 0.459598 0.0106591 65.4239 -0.459634 0.888108 0.00111529 51.0878 -0.00895388 -0.00588975 0.999943 1.00402
0.884616 0.466183 0.0113023 66.1344 -0.466229 0.884662 0.00172546 50.6997 -0.00919434 -0.00679583 0.999935 1.01134
0.880521 0.473882 0.0108824 66.8367 -0.473936 0.880555 0.0028671 50.3085 -0.00822384 -0.00768208 0.999937 1.01655
0.875687 0.482772 0.0101297 67.5321 -0.482821 0.875714 0.0029231 49.9069 -0.00745955 -0.00745056 0.999944 1.0212
0.87068 0.491739 0.010435 68.2209 -0.491781 0.870717 0.00175286 49.5012 -0.00822397 -0.00665791 0.999944 1.02725
0.8653 0.501103 0.0123362 68.9017 -0.501161 0.865352 0.00196827 49.0929 -0.00968888 -0.00788559 0.999922 1.03368
0.859634 0.510755 0.0125957 69.5764 -0.510804 0.859697 0.000765655 48.6749 -0.0104374 -0.00709211 0.99992 1.03628
0.853883 0.520312 0.0126059 70.2415 -0.520359 0.853947 0.000536795 48.2519 -0.0104855 -0.00701796 0.99992 1.0388
0.84805 0.529776 0.0121735 70.8971 -0.529824 0.848107 0.000893767 47.8264 -0.00985092 -0.00720776 0.999925 1.04227
0.842287 0.538906 0.0115776 71.5451 -0.538959 0.84233 0.00186268 47.3964 -0.00874834 -0.00780875 0.999931 1.04516
0.836642 0.547649 0.0105071 72.1822 -0.547695 0.836676 0.00194065 46.963 -0.00772822 -0.0073783 0.999943 1.04763
0.831328 0.555699 0.00961705 72.8082 -0.555737 0.831356 0.00175505 46.5269 -0.00701991 -0.00680358 0.999952 1.05122
0.825912 0.563726 0.00907351 73.4233 -0.563761 0.825937 0.0015821 46.0875 -0.00660227 -0.00642196 0.999958 1.05638
0.820487 0.571596 0.00884968 74.0297 -0.571627 0.820512 0.00125124 45.6484 -0.00654607 -0.00608535 0.99996 1.0604
0.81544 0.578779 0.00848566 74.6246 -0.578801 0.815469 8.59601e-05 45.2061 -0.00687004 -0.0049816 0.999964 1.06566
0.811016 0.584957 0.00883114 75.2104 -0.584966 0.811056 -0.00187593 44.7631 -0.00825989 -0.0036445 0.999959 1.07106
0.807808 0.589382 0.00867291 75.7847 -0.58936 0.807854 -0.00509857 44.3217 -0.0100114 -0.000992799 0.999949 1.07829
0.805348 0.59274 0.00859273 76.3534 -0.592679 0.805392 -0.00871525 43.881 -0.0120864 0.00192609 0.999925 1.08165
0.803554 0.595168 0.00872433 76.9131 -0.595077 0.803593 -0.0110433 43.4474 -0.0135834 0.00368226 0.999901 1.0835
0.802451 0.596648 0.00906671 77.4599 -0.596544 0.802492 -0.0118776 43.0242 -0.0143627 0.00412247 0.999888 1.0852
0.801807 0.597518 0.00882531 77.9971 -0.59741 0.801843 -0.0122068 42.6081 -0.0143703 0.0045152 0.999887 1.08618
0.802159 0.597064 0.00737066 78.5191 -0.596961 0.802174 -0.0123962 42.2021 -0.0133139 0.00554377 0.999896 1.08704
0.803792 0.594883 0.00574245 79.0284 -0.594787 0.803784 -0.0126595 41.8086 -0.0121466 0.0067601 0.999903 1.08815
0.806624 0.591044 0.00494145 79.5275 -0.590957 0.806609 -0.0123398 41.4305 -0.0112792 0.00703338 0.999912 1.08989
0.811067 0.584934 0.00477193 80.0149 -0.584857 0.811055 -0.0115412 41.0715 -0.0106212 0.00656983 0.999922 1.09257
0.817271 0.576232 0.00489457 80.4914 -0.576163 0.817265 -0.0106769 40.7287 -0.0101526 0.00590589 0.999931 1.09651
0.824868 0.565305 0.00485421 80.9552 -0.565239 0.824862 -0.0103981 40.4044 -0.00988212 0.00583324 0.999934 1.10123
0.834152 0.551519 0.00416128 81.4101 -0.551471 0.834147 -0.00890796 40.1044 -0.00838402 0.00513577 0.999952 1.10559
0.845233 0.534392 0.00236268 81.8654 -0.534368 0.845225 -0.00666431 39.8223 -0.00555835 0.00437036 0.999975 1.1136
0.857705 0.514142 0.000253802 82.3213 -0.514137 0.857699 -0.00384318 39.5558 -0.00219362 0.00316582 0.999993 1.12195
0.871652 0.490125 -0.000804 82.7816 -0.490126 0.87165 -0.00188358 39.3019 -0.000222384 0.00203589 0.999998 1.1287
0.887029 0.461714 -0.000495813 83.2482 -0.461715 0.887028 -0.00108784 39.0643 -6.24734e-05 0.00119387 0.999999 1.13576
0.903569 0.42844 0.00130972 83.7202 -0.428437 0.903569 -0.00195541 38.845 -0.0020212 0.00120572 0.999997 1.14332
0.920583 0.390519 0.00465931 84.1995 -0.390511 0.920595 -0.00258072 38.6499 -0.00529715 0.000556252 0.999986 1.15199
0.937074 0.349002 0.00952013 84.6832 -0.348992 0.937122 -0.00276528 38.4803 -0.00988661 -0.000731178 0.999951 1.16029
0.952783 0.303323 0.0141407 85.1745 -0.303339 0.952882 -0.00104164 38.3336 -0.0137904 -0.00329696 0.9999 1.1686
0.967247 0.253282 0.0167878 85.6656 -0.253335 0.967378 0.00112241 38.2223 -0.0159559 -0.0053386 0.999858 1.17761
0.979909 0.198713 0.0171003 86.1523 -0.198769 0.980045 0.00164964 38.1371 -0.0164312 -0.0050155 0.999852 1.18117
0.990183 0.139008 0.0146313 86.6349 -0.139004 0.990291 -0.00132917 38.078 -0.014674 -0.000717681 0.999892 1.18459
0.997147 0.0748363 0.00990862 87.1107 -0.0748113 0.997194 -0.00287524 38.0543 -0.010096 0.00212576 0.999947 1.18828
0.999957 0.00835264 0.00403121 87.5822 -0.00832947 0.999949 -0.00573106 38.063 -0.00407887 0.00569723 0.999975 1.19253
0.998233 -0.059423 -0.00021208 88.048 0.0594216 0.998224 -0.00423819 38.1121 0.00046355 0.0042181 0.999991 1.19536
0.991856 -0.127315 -0.00353001 88.5074 0.127305 0.991859 -0.00292385 38.1947 0.00387352 0.00245065 0.999989 1.19854
0.980802 -0.194918 -0.00579607 88.9594 0.194896 0.980815 -0.00410918 38.306 0.00648582 0.00290067 0.999975 1.2034
0.965359 -0.260874 -0.00519441 89.4031 0.260842 0.965362 -0.00617384 38.4457 0.00662508 0.00460505 0.999967 1.21136
0.945643 -0.325204 -0.00100281 89.8369 0.325193 0.94563 -0.00584929 38.617 0.00285049 0.00520523 0.999982 1.22127
0.921687 -0.3879 0.00526859 90.2573 0.387923 0.921681 -0.00446139 38.8197 -0.00312539 0.00615581 0.999976 1.23256
0.894489 -0.446978 0.0100199 90.6626 0.447017 0.894523 -0.00197804 39.0541 -0.00807887 0.00624839 0.999948 1.24218
0.865052 -0.501445 0.0154429 91.0574 0.501491 0.865162 0.000964941 39.3125 -0.0138445 0.00690976 0.99988 1.24806
0.835033 -0.549892 0.0183836 91.4389 0.549886 0.835219 0.00581752 39.5965 -0.0185533 0.00525106 0.999814 1.25522
0.806082 -0.591504 0.0188457 91.8059 0.591439 0.806295 0.00942449 39.9001 -0.0207698 0.0035492 0.999778 1.25834
0.779605 -0.626058 0.0163748 92.1626 0.625848 0.779773 0.0164056 40.2303 -0.0230395 -0.00254172 0.999731 1.25465
0.755764 -0.654731 0.012219 92.5082 0.654506 0.755841 0.0180287 40.5665 -0.0210396 -0.00562805 0.999763 1.24568
0.733915 -0.679172 0.00974195 92.8541 0.678953 0.733946 0.0185945 40.9114 -0.0197789 -0.00703245 0.99978 1.23586
0.717347 -0.696588 0.0133609 93.2045 0.696453 0.717471 0.0136905 41.2552 -0.0191227 -0.000515616 0.999817 1.22929
0.70578 -0.708254 0.0158225 93.5529 0.708162 0.705952 0.0118032 41.6089 -0.0195296 0.00287446 0.999805 1.22777
0.69637 -0.717566 0.012937 93.8985 0.717434 0.69649 0.013806 41.9783 -0.0189172 -0.000332619 0.999821 1.22068
0.689197 -0.724519 0.00892816 94.2479 0.724325 0.689231 0.0177148 42.3615 -0.0189883 -0.00574207 0.999803 1.20717
0.684581 -0.72893 0.0030194 94.5993 0.728722 0.684474 0.0214567 42.7523 -0.0177071 -0.0124885 0.999765 1.19993
0.682447 -0.730926 -0.00361035 94.9592 0.730801 0.68222 0.0224837 43.1492 -0.0139709 -0.0179824 0.999741 1.19744
0.681774 -0.731536 -0.00625766 95.3305 0.731467 0.681522 0.0219774 43.5484 -0.0118125 -0.0195609 0.999739 1.19891
0.683368 -0.730039 -0.00716525 95.7137 0.730018 0.68316 0.0191219 43.9509 -0.0090647 -0.018298 0.999791 1.19868
0.686464 -0.727103 -0.00938817 96.1076 0.72716 0.686364 0.01191 44.3563 -0.00221612 -0.0150025 0.999885 1.19382
0.689542 -0.724148 -0.0119116 96.5074 0.724239 0.689512 0.00712988 44.7698 0.00305009 -0.0135432 0.999904 1.18999
0.69272 -0.721049 -0.015069 96.9168 0.721203 0.692637 0.0110067 45.2034 0.00250092 -0.0184924 0.999826 1.19259
0.696815 -0.717082 -0.0155479 97.3361 0.717249 0.696608 0.0170418 45.647 -0.00138954 -0.0230267 0.999734 1.1975
0.700382 -0.71368 -0.0112102 97.775 0.713744 0.700141 0.0192934 46.0889 -0.0059206 -0.021514 0.999751 1.20221
0.703079 -0.711095 -0.00484355 98.2273 0.711014 0.702853 0.0213612 46.5345 -0.0117855 -0.0184624 0.99976 1.20549
0.705561 -0.70865 -0.00018847 98.6868 0.708453 0.705359 0.0237199 46.9886 -0.0166762 -0.0168694 0.999719 1.20653
0.70786 -0.706343 0.00373056 99.1531 0.706123 0.707754 0.0217751 47.4461 -0.018021 -0.0127795 0.999756 1.2024
0.708311 -0.705884 0.00494245 99.627 0.705734 0.708278 0.0168115 47.9058 -0.0153676 -0.00841972 0.999846 1.19798
0.708178 -0.706029 0.00256894 100.104 0.705971 0.708158 0.0108213 48.3732 -0.00945941 -0.00584984 0.999938 1.19412
0.707778 -0.70643 -0.00272882 100.582 0.706434 0.707763 0.00486143 48.8516 -0.00150291 -0.00536854 0.999985 1.1905
0.706125 -0.708045 -0.00777853 101.071 0.708081 0.706123 0.00351422 49.3442 0.00300437 -0.00798931 0.999964 1.18803
0.704315 -0.709869 -0.00505805 101.574 0.709887 0.70429 0.00596045 49.8493 -0.000668811 -0.00778868 0.999969 1.18805
0.703044 -0.711144 0.00189985 102.091 0.711102 0.703028 0.00924437 50.3651 -0.00790972 -0.00514821 0.999955 1.19316
0.701173 -0.71297 0.00553636 102.61 0.712838 0.701162 0.0152713 50.8917 -0.0147699 -0.00676132 0.999868 1.19892
0.699795 -0.714337 0.003183 103.127 0.714196 0.699733 0.0172501 51.4257 -0.0145496 -0.00979824 0.999846 1.19884
0.698437 -0.715663 -0.00355265 103.644 0.715603 0.698292 0.017337 51.9688 -0.00992669 -0.0146511 0.999843 1.19522
0.69584 -0.718159 -0.00742252 104.174 0.718183 0.695724 0.0134722 52.5145 -0.00451117 -0.0147052 0.999882 1.19051
0.692861 -0.721018 -0.00872216 104.711 0.72107 0.692791 0.00991408 53.0702 -0.0011056 -0.0131584 0.999913 1.18842
0.690097 -0.723688 -0.00650103 105.259 0.723713 0.690033 0.00972389 53.6387 -0.00255114 -0.0114153 0.999932 1.19088
0.687464 -0.726214 -0.00261907 105.813 0.726208 0.68743 0.0079381 54.213 -0.00396433 -0.00735914 0.999965 1.19579
0.68604 -0.727564 5.62416e-05 106.373 0.727532 0.68601 0.00937414 54.8002 -0.00685887 -0.00639012 0.999956 1.20089
0.684879 -0.728648 0.00373273 106.944 0.728596 0.684878 0.00951302 55.4032 -0.00948811 -0.00379561 0.999948 1.20092
0.684369 -0.729088 0.00837699 107.519 0.729055 0.684419 0.00698828 56.0045 -0.0108284 0.00132473 0.99994 1.19974
0.683894 -0.72953 0.00862039 108.094 0.72948 0.683948 0.00856963 56.6168 -0.0121477 0.000427687 0.999926 1.20054
0.684245 -0.729239 0.00433499 108.664 0.729178 0.684248 0.0102493 57.2329 -0.0104404 -0.00385205 0.999938 1.20086
0.684698 -0.728824 -0.00182606 109.237 0.728791 0.684637 0.0116759 57.8535 -0.00725946 -0.00932525 0.99993 1.20046
0.685245 -0.728265 -0.00833413 109.812 0.72829 0.685088 0.0157777 58.4775 -0.00578074 -0.0168812 0.999841 1.19919
0.687103 -0.726438 -0.0133172 110.392 0.726532 0.6868 0.0213873 59.1089 -0.00639032 -0.0243706 0.999683 1.20209
0.689482 -0.724164 -0.0141945 110.98 0.724245 0.689047 0.0261361 59.7388 -0.00914616 -0.0283006 0.999558 1.20741
0.691292 -0.722424 -0.0147982 111.575 0.722524 0.690855 0.0260375 60.3623 -0.00858669 -0.0286916 0.999551 1.21033
0.6928 -0.720943 -0.0164204 112.171 0.72111 0.692431 0.0232377 60.9871 -0.00538312 -0.02794 0.999595 1.20859
0.693528 -0.72035 -0.0106609 112.784 0.720402 0.693297 0.0189984 61.619 -0.00629433 -0.0208561 0.999763 1.1993
0.69384 -0.720106 -0.00582413 113.395 0.720103 0.693724 0.014104 62.2443 -0.00611601 -0.0139799 0.999884 1.19537
0.694905 -0.719087 -0.00456677 114.001 0.719075 0.694812 0.0129308 62.8719 -0.00612531 -0.0122695 0.999906 1.19476
0.695651 -0.718355 -0.00595578 114.602 0.718336 0.695494 0.016784 63.5061 -0.00791468 -0.0159541 0.999841 1.19194
0.696309 -0.717729 -0.00431309 115.205 0.717623 0.696071 0.0223875 64.1409 -0.0130659 -0.0186838 0.99974 1.18847
0.696999 -0.717062 -0.00367498 115.808 0.716816 0.696605 0.0302499 64.771 -0.019131 -0.0237184 0.999536 1.18958
0.697919 -0.716149 -0.00639375 116.404 0.716053 0.697604 0.0248192 65.3731 -0.013314 -0.0219001 0.999671 1.19609
0.698273 -0.715745 -0.0111355 117.001 0.715832 0.69819 0.0107618 65.9596 7.19628e-05 -0.0154858 0.99988 1.20393
0.69799 -0.715968 -0.0141238 117.601 0.71602 0.698077 -0.0018156 66.5452 0.0111594 -0.00884568 0.999899 1.21308
0.697376 -0.716638 -0.00981773 118.206 0.716685 0.697395 0.00194336 67.1499 0.00545415 -0.00839147 0.99995 1.2258
0.696416 -0.717614 0.0058805 118.818 0.717457 0.696401 0.016788 67.7675 -0.0161425 -0.00747242 0.999842 1.23994
0.695195 -0.718606 0.0175905 119.425 0.718019 0.695368 0.0302113 68.3812 -0.0339419 -0.00837239 0.999389 1.25323
0.694823 -0.719057 0.0133444 120.012 0.718586 0.694884 0.0277578 68.9744 -0.0292322 -0.00969763 0.999526 1.24559
0.6942 -0.719781 -0.000658718 120.587 0.719653 0.694059 0.0194993 69.5584 -0.013578 -0.0140105 0.99981 1.22685
0.693442 -0.720485 -0.00626794 121.17 0.720499 0.69335 0.0121499 70.1406 -0.00440793 -0.0129413 0.999907 1.21039
0.692099 -0.721789 -0.00440367 121.759 0.721798 0.692057 0.00805139 70.726 -0.00276381 -0.00875092 0.999958 1.21059
0.690135 -0.723677 -0.00226695 122.337 0.723654 0.690079 0.0107228 71.3252 -0.00619546 -0.00904066 0.99994 1.21119
0.687582 -0.726101 -0.00281763 122.906 0.726092 0.687539 0.00895109 71.9194 -0.00456217 -0.00820048 0.999956 1.20016
0.68406 -0.729413 -0.0043834 123.471 0.729423 0.684026 0.00715087 72.5107 -0.00221758 -0.00808898 0.999965 1.18523
0.681703 -0.731593 -0.00725304 124.028 0.731622 0.681619 0.011148 73.111 -0.00321196 -0.0129061 0.999912 1.1812
0.68005 -0.733051 -0.0129808 124.581 0.733165 0.679909 0.0139196 73.7115 -0.00137797 -0.0189831 0.999819 1.17418
0.67867 -0.734322 -0.013339 125.14 0.734434 0.678455 0.0174679 74.3122 -0.00377715 -0.0216516 0.999758 1.17324
0.677612 -0.735358 -0.00947762 125.702 0.735371 0.677363 0.020222 74.9098 -0.00845059 -0.0206722 0.999751 1.17238
0.676648 -0.736261 -0.00823342 126.259 0.736251 0.676417 0.0198697 75.5033 -0.00906002 -0.0195066 0.999769 1.17141
0.674779 -0.737967 -0.0087657 126.811 0.737999 0.674625 0.0154428 76.0973 -0.0054827 -0.0168895 0.999842 1.16913
0.671479 -0.740991 -0.00698662 127.36 0.741019 0.671412 0.00985901 76.6841 -0.00261454 -0.0117973 0.999927 1.16318
0.66664 -0.745359 -0.00556148 127.904 0.74538 0.666615 0.00574431 77.2834 -0.000574209 -0.0079748 0.999968 1.16228
0.661583 -0.749868 -0.00250283 128.444 0.749856 0.661544 0.00866516 77.8957 -0.00484199 -0.00760949 0.999959 1.16535
0.656858 -0.754005 0.00365328 128.983 0.75389 0.65683 0.0149625 78.5133 -0.0136814 -0.00707409 0.999881 1.16956
0.653505 -0.756834 0.0115769 129.514 0.756588 0.653595 0.0197003 79.1356 -0.0224765 -0.00411524 0.999739 1.16472
0.650338 -0.759597 0.00849391 130.031 0.759183 0.650292 0.027575 79.7613 -0.0264695 -0.0114847 0.999584 1.15712
0.647029 -0.762458 0.00331521 130.54 0.762155 0.646884 0.0257152 80.381 -0.0217514 -0.0141118 0.999664 1.14741
0.641802 -0.766867 -0.00232575 131.052 0.766783 0.64168 0.0170475 80.9925 -0.0115808 -0.0127245 0.999852 1.13535
0.636788 -0.771031 -0.00365604 131.566 0.771024 0.636737 0.00939882 81.612 -0.00491884 -0.00880395 0.999949 1.12274
0.631632 -0.775265 -0.00238205 132.08 0.775252 0.631595 0.00853822 82.2442 -0.00511489 -0.0072397 0.999961 1.11909
0.625585 -0.780135 -0.00563969 132.587 0.780105 0.625445 0.0159821 82.8925 -0.00894086 -0.0143977 0.999856 1.12329
0.619425 -0.784982 -0.0107686 133.084 0.785014 0.619193 0.0187637 83.5418 -0.00806135 -0.0200762 0.999766 1.12247
0.611647 -0.790969 -0.0159761 133.582 0.791127 0.611457 0.0154804 84.1841 -0.00247586 -0.0221077 0.999753 1.11848
0.604769 -0.796231 -0.0164353 134.078 0.796401 0.604651 0.0119505 84.8302 0.000422265 -0.0203164 0.999794 1.11094
0.598301 -0.801115 -0.0158089 134.572 0.80127 0.598161 0.0130043 85.4891 -0.000961743 -0.0204477 0.99979 1.10755
0.591972 -0.805822 -0.0148115 135.054 0.80592 0.591666 0.0205886 86.163 -0.00782725 -0.0241247 0.999678 1.10339
0.585459 -0.810574 -0.0143841 135.531 0.810587 0.584986 0.0271954 86.8432 -0.0136294 -0.0275813 0.999527 1.10241
0.579275 -0.815044 -0.0119648 136.005 0.814943 0.578763 0.0300314 87.5193 -0.0175522 -0.0271471 0.999477 1.09898
0.57404 -0.818751 -0.0111549 136.476 0.818603 0.573512 0.0311866 88.1957 -0.0191366 -0.0270338 0.999451 1.09318
0.570412 -0.82128 -0.0113484 136.942 0.82116 0.569917 0.029825 88.8745 -0.018027 -0.0263314 0.999491 1.08823
0.566748 -0.823695 -0.0179687 137.398 0.823804 0.566239 0.0268245 89.5539 -0.0119206 -0.0300054 0.999479 1.0845
0.5638 -0.82548 -0.026702 137.844 0.825887 0.563242 0.025871 90.2382 -0.00631631 -0.0366389 0.999309 1.07791
0.561522 -0.826938 -0.0294335 138.294 0.827457 0.561046 0.0232704 90.9242 -0.0027296 -0.0374218 0.999296 1.06935
0.55894 -0.828737 -0.027945 138.753 0.829165 0.558246 0.0291214 91.6218 -0.00853376 -0.0394481 0.999185 1.0615
0.55712 -0.830057 -0.0249427 139.21 0.830239 0.556092 0.0382733 92.3274 -0.0178986 -0.0420312 0.998956 1.05247
0.554379 -0.831986 -0.021538 139.666 0.831852 0.553104 0.0457986 93.0292 -0.026191 -0.0433062 0.998718 1.04429
0.550436 -0.834614 -0.0209936 140.116 0.834527 0.549301 0.0428198 93.719 -0.0242062 -0.0410892 0.998862 1.0315
0.546114 -0.837544 -0.0167311 140.569 0.837561 0.545528 0.0298439 94.3972 -0.0158683 -0.0303114 0.999415 1.01583
0.540354 -0.841288 -0.0158664 141.015 0.841394 0.540039 0.020314 95.0822 -0.00852149 -0.0243266 0.999668 0.995592
0.534517 -0.844957 -0.0184232 141.448 0.845099 0.534094 0.0234955 95.787 -0.010013 -0.0281281 0.999554 0.981164
0.528255 -0.848963 -0.0144644 141.885 0.848954 0.527795 0.0266323 96.4975 -0.0149756 -0.0263483 0.999541 0.971455
0.521929 -0.852946 -0.00859364 142.326 0.85276 0.521529 0.028426 97.209 -0.019764 -0.0221647 0.999559 0.960266
0.51696 -0.856009 -0.000296134 142.766 0.855725 0.516779 0.0259549 97.9249 -0.0220646 -0.013671 0.999663 0.944139
0.51174 -0.859131 0.00403089 143.201 0.858834 0.511677 0.0243098 98.6468 -0.0229478 -0.00897842 0.999696 0.931602
0.506534 -0.862209 0.00424136 143.625 0.862041 0.506523 0.0178718 99.3672 -0.0175576 -0.00539645 0.999831 0.919363
0.500526 -0.865702 0.00573945 144.046 0.86569 0.500554 0.0052588 100.081 -0.00742546 0.00233641 0.99997 0.903661
0.494549 -0.869065 0.0121541 144.472 0.86915 0.494495 -0.00733257 100.796 0.000362338 0.01419 0.999899 0.893665
0.488947 -0.872196 0.0143234 144.887 0.872282 0.489004 0.000489938 101.539 -0.00743152 0.0122545 0.999897 0.886892
0.484198 -0.874875 0.0120987 145.289 0.874721 0.484343 0.016573 102.301 -0.0203592 0.00255833 0.999789 0.88219
0.479777 -0.877323 0.0109338 145.688 0.876904 0.479888 0.0273332 103.059 -0.0292271 -0.00352594 0.999567 0.877508
0.476318 -0.879212 0.0103522 146.085 0.878839 0.47642 0.0258161 103.804 -0.0276298 -0.00319875 0.999613 0.863187
0.474836 -0.880064 0.00415049 146.474 0.879906 0.474833 0.0172775 104.546 -0.0171761 -0.00455196 0.999842 0.846295
0.472514 -0.881267 -0.00997238 146.853 0.881294 0.472376 0.013436 105.294 -0.00712994 -0.0151373 0.99986 0.834072
0.470778 -0.882171 -0.0119553 147.246 0.882244 0.470676 0.0104341 106.046 -0.00357755 -0.0154597 0.999874 0.826347
0.468357 -0.883526 -0.00480714 147.654 0.883512 0.468292 0.0104458 106.799 -0.00697799 -0.00913952 0.999934 0.82426
0.46793 -0.883766 -0.000426438 148.056 0.883621 0.467844 0.0183311 107.563 -0.0160009 -0.00895446 0.999832 0.821311
0.468145 -0.883651 0.00103067 148.453 0.883369 0.468025 0.0247344 108.331 -0.022339 -0.0106689 0.999694 0.820294
0.466708 -0.88441 0.001432 148.851 0.884161 0.466614 0.0230248 109.089 -0.0210315 -0.00947974 0.999734 0.817662
0.464982 -0.885319 -0.00158716 149.245 0.885216 0.464899 0.0161551 109.842 -0.0135645 -0.00891679 0.999868 0.814038
0.46319 -0.886257 0.0016607 149.647 0.886257 0.463192 0.00141763 110.585 -0.00202561 0.000815174 0.999998 0.809259
0.461251 -0.887222 0.00919413 150.054 0.887263 0.461183 -0.00858834 111.33 0.00337958 0.012119 0.999921 0.809577
0.460148 -0.887785 0.0100835 150.45 0.887842 0.460131 -0.00409455 112.095 -0.00100464 0.0108366 0.999941 0.814466
0.45892 -0.88842 0.0100996 150.839 0.888417 0.458992 0.0064946 112.866 -0.0104056 0.00599215 0.999928 0.824654
0.457335 -0.889231 0.0106718 151.225 0.889147 0.457445 0.0126955 113.626 -0.016171 0.00368274 0.999862 0.830178
0.45652 -0.889649 0.0107018 151.611 0.889627 0.456611 0.00839398 114.372 -0.0123542 0.00568855 0.999907 0.828507
0.456528 -0.889679 0.00734032 151.996 0.889689 0.456558 0.00293701 115.115 -0.00596427 0.00518978 0.999969 0.825028
0.456336 -0.889807 0.000539306 152.37 0.889797 0.456334 0.00443392 115.868 -0.00419143 -0.00154349 0.99999 0.824351
0.45591 -0.890026 -0.000249171 152.749 0.889986 0.455887 0.0095805 116.621 -0.0084133 -0.00458961 0.999954 0.827671
0.455137 -0.890419 -0.00193889 153.127 0.890348 0.455071 0.013846 117.371 -0.0114464 -0.00802812 0.999902 0.831632
0.454811 -0.890582 -0.00324869 153.503 0.890472 0.454689 0.0178245 118.119 -0.014397 -0.0109996 0.999836 0.829879
0.454343 -0.890801 -0.00681376 153.873 0.890712 0.454148 0.0195141 118.865 -0.0142887 -0.0149352 0.999786 0.827695
0.453837 -0.891061 -0.00641902 154.244 0.891002 0.453686 0.0168648 119.605 -0.0121154 -0.0133732 0.999837 0.826063
0.452993 -0.891446 -0.0109976 154.606 0.891492 0.45286 0.012609 120.334 -0.00625988 -0.015516 0.99986 0.821334
0.451892 -0.891984 -0.0125562 154.967 0.892058 0.451758 0.0121378 121.065 -0.00515431 -0.0166858 0.999847 0.814929
0.454407 -0.890701 -0.0128984 155.29 0.890783 0.454281 0.0116399 121.699 -0.00450817 -0.0167789 0.999849 0.808605
0.457095 -0.88932 -0.0131985 155.612 0.88941 0.456976 0.0111262 122.329 -0.00386334 -0.0168246 0.999851 0.802291
0.459778 -0.887931 -0.013502 155.934 0.888028 0.459667 0.0106143 122.96 -0.00321832 -0.0168704 0.999852 0.795974
0.462457 -0.886534 -0.0138086 156.256 0.886638 0.462354 0.0101044 123.59 -0.00257346 -0.0169161 0.999854 0.789658
0.465131 -0.885129 -0.0141184 156.578 0.88524 0.465036 0.00959657 124.219 -0.00192865 -0.0169618 0.999854 0.783342
0.467801 -0.883716 -0.0144314 156.9 0.883833 0.467715 0.00909056 124.85 -0.00128368 -0.0170075 0.999855 0.777025
0.470467 -0.882294 -0.0147476 157.222 0.882417 0.470389 0.00858652 125.48 -0.000638714 -0.0170532 0.999854 0.770706
0.473128 -0.880865 -0.015067 157.544 0.880993 0.473059 0.00808447 126.11 6.27642e-06 -0.0170989 0.999854 0.764388
0.475785 -0.879427 -0.0153896 157.866 0.879561 0.475725 0.00758443 126.74 0.000651268 -0.0171446 0.999853 0.758069
0.478438 -0.877981 -0.0157153 158.188 0.87812 0.478387 0.00708641 127.37 0.00129627 -0.0171903 0.999851 0.751749
0.481086 -0.876527 -0.0160441 158.51 0.876671 0.481044 0.00659044 128 0.00194125 -0.017236 0.99985 0.745429
0.483728 -0.875065 -0.0163761 158.832 0.875214 0.483697 0.00609663 128.63 0.0025861 -0.0172817 0.999847 0.73911
0.486366 -0.873595 -0.0167111 159.154 0.873749 0.486345 0.0056049 129.26 0.00323094 -0.0173273 0.999845 0.732791
0.489 -0.872117 -0.0170492 159.476 0.872275 0.488988 0.00511523 129.89 0.0038758 -0.017373 0.999842 0.726471
0.491628 -0.870632 -0.0173904 159.798 0.870794 0.491627 0.0046278 130.52 0.00452048 -0.0174186 0.999838 0.720152
0.494251 -0.869139 -0.0177346 160.12 0.869304 0.49426 0.00414261 131.149 0.00516499 -0.0174642 0.999834 0.713834
0.500284 -0.865689 -0.0172896 160.436 0.865849 0.500284 0.00462128 131.725 0.00464912 -0.0172821 0.99984 0.713006
0.505455 -0.862776 -0.011522 160.763 0.862853 0.505395 0.00779032 132.285 -0.000898153 -0.0138794 0.999903 0.716566
0.510574 -0.859831 -0.0021278 161.1 0.8598 0.51053 0.0101454 132.838 -0.00763702 -0.00700946 0.999946 0.724548
0.515425 -0.856924 0.00432137 161.434 0.856885 0.515443 0.0081921 133.38 -0.00924742 -0.000519501 0.999957 0.729928
0.518523 -0.855051 0.00457474 161.763 0.854998 0.518542 0.00964936 133.925 -0.0106229 -0.00109202 0.999943 0.731535
0.519461 -0.854491 0.00233295 162.09 0.854422 0.51945 0.0116316 134.472 -0.0111509 -0.00404883 0.99993 0.729994
