0.477284 -0.878556 0.0184031 0.681433 0.878745 0.477243 -0.00686302 0.552625 -0.00275319 0.0194472 0.999807 0.791128
0.477284 -0.878556 0.0184031 0.681433 0.878745 0.477243 -0.00686302 0.552625 -0.00275319 0.0194472 0.999807 0.791128
0.477139 -0.878663 0.0169971 0.70895 0.878823 0.47711 -0.00596177 0.60047 -0.00287111 0.0177821 0.999838 0.78928
0.477226 -0.878596 0.0179787 0.772559 0.87877 0.47722 -0.00488147 0.705632 -0.00429093 0.0181287 0.999826 0.791066
0.477016 -0.878688 0.0190001 0.853575 0.878874 0.477039 -0.00356112 0.864538 -0.0059347 0.0183975 0.999813 0.792835
0.476618 -0.878894 0.0194619 0.963189 0.879084 0.476656 -0.00292689 1.07968 -0.00670424 0.0185037 0.999806 0.797523
0.475734 -0.879382 0.0190494 1.0978 0.879568 0.47576 -0.00343873 1.34278 -0.006039 0.0183912 0.999813 0.796659
0.474864 -0.879836 0.0197667 1.26936 0.88004 0.47488 -0.00416523 1.66634 -0.00572208 0.0193734 0.999796 0.798991
0.475018 -0.879733 0.0206241 1.47359 0.879943 0.475073 -0.00247768 2.05274 -0.00761824 0.0193249 0.999784 0.800572
0.474876 -0.87979 0.0214309 1.68794 0.879988 0.474995 0.000591652 2.46148 -0.0107001 0.018578 0.99977 0.801024
0.476497 -0.878869 0.0231343 1.94515 0.879055 0.476702 0.00401179 2.95147 -0.014554 0.0184247 0.999725 0.799191
0.478274 -0.877833 0.0256546 2.25481 0.878034 0.478559 0.00606505 3.5166 -0.0176014 0.0196248 0.999653 0.793119
0.479485 -0.877123 0.0272577 2.57721 0.877326 0.479832 0.00765619 4.10921 -0.0197946 0.0202428 0.9996 0.783866
0.48123 -0.876185 0.0266608 2.92569 0.876408 0.481532 0.00598778 4.75308 -0.0180845 0.0204842 0.999627 0.777753
0.4846 -0.874406 0.0238827 3.29963 0.874625 0.484792 0.00269565 5.45195 -0.0139353 0.0195821 0.999712 0.767367
0.487359 -0.872935 0.0213927 3.68185 0.873141 0.487466 -0.000252079 6.16388 -0.0102082 0.0188017 0.999772 0.762922
0.489159 -0.871902 0.0223935 4.0927 0.872124 0.489284 0.000103017 6.90268 -0.0110466 0.0194795 0.999751 0.759533
0.490182 -0.871234 0.02577 4.51261 0.871483 0.490415 0.00322874 7.65824 -0.015451 0.0208754 0.999664 0.757671
0.490976 -0.870617 0.0309809 4.95911 0.870964 0.491326 0.00440114 8.447 -0.0190535 0.0248223 0.999512 0.748944
0.491369 -0.870105 0.0382512 5.41719 0.870719 0.491778 0.00147436 9.23841 -0.020094 0.0325815 0.999269 0.740547
0.491346 -0.870021 0.0403999 5.87812 0.870791 0.491646 -0.00285312 10.0481 -0.0173802 0.0365815 0.999182 0.733454
0.490549 -0.870499 0.0397642 6.33281 0.871307 0.490692 -0.00681249 10.8696 -0.0135817 0.0379886 0.999189 0.728621
0.489489 -0.871181 0.0378708 6.79856 0.871918 0.489606 -0.00680053 11.7127 -0.0126173 0.0363489 0.999263 0.717051
0.488216 -0.871953 0.0364853 7.26709 0.872618 0.488379 -0.00499138 12.5646 -0.0134664 0.0342745 0.999325 0.715849
0.487173 -0.872535 0.0365251 7.74885 0.873152 0.487447 -0.00167219 13.4398 -0.016345 0.0327066 0.999335 0.70863
0.486164 -0.873116 0.0360662 8.23091 0.873674 0.486514 0.000967894 14.3192 -0.0183918 0.0310395 0.999353 0.701114
0.485413 -0.873495 0.0369794 8.72043 0.874033 0.485858 0.00343038 15.1973 -0.0209631 0.030656 0.999315 0.691278
0.484148 -0.874229 0.0362153 9.21432 0.874669 0.484677 0.00685523 16.1043 -0.0235458 0.0283575 0.999326 0.702752
0.483427 -0.874676 0.0350095 9.70363 0.874986 0.484032 0.0107759 17.004 -0.0263712 0.0254235 0.999335 0.683172
0.482526 -0.875142 0.03581 10.2063 0.875494 0.483131 0.00997934 17.9073 -0.0260343 0.0265363 0.999315 0.665865
0.481745 -0.875546 0.0364269 10.699 0.87596 0.482319 0.00825374 18.7988 -0.0247959 0.0279325 0.999309 0.653029
0.481598 -0.875749 0.0333559 11.1743 0.876089 0.48209 0.00791224 19.7039 -0.0230097 0.0254124 0.999419 0.638059
0.480954 -0.876187 0.0310625 11.6577 0.876448 0.481419 0.00896348 20.5937 -0.0228078 0.0229139 0.999485 0.627145
0.480626 -0.876289 0.0332018 12.1412 0.876609 0.481132 0.00859626 21.466 -0.0235073 0.0249737 0.99942 0.621117
0.479897 -0.876659 0.0339661 12.6208 0.876978 0.480444 0.00946011 22.3401 -0.0246121 0.0252479 0.999387 0.609645
0.479678 -0.876691 0.0361538 13.0885 0.877109 0.480235 0.00778697 23.1953 -0.0241891 0.027976 0.999325 0.585166
0.479664 -0.876817 0.0331533 13.5481 0.877198 0.4801 0.00582908 24.0526 -0.0210281 0.0262865 0.999442 0.556757
0.479435 -0.877094 0.0288474 13.9964 0.877401 0.479747 0.00413647 24.9082 -0.0174677 0.0233281 0.999584 0.570353
0.479111 -0.877301 0.0279339 14.4535 0.877536 0.479468 0.00691041 25.7575 -0.0194561 0.0212028 0.999595 0.569154
0.47835 -0.877556 0.0325827 14.9271 0.877857 0.478849 0.00874905 26.6234 -0.0232801 0.0244184 0.99944 0.564298
0.47812 -0.877567 0.0355039 15.3918 0.877942 0.478692 0.00883854 27.4822 -0.0247519 0.0269451 0.99934 0.544721
0.478228 -0.87738 0.0385491 15.8609 0.877899 0.478808 0.0065084 28.3424 -0.024168 0.0307304 0.999246 0.530454
0.477547 -0.877725 0.0391195 16.3312 0.878297 0.478095 0.00505777 29.2008 -0.0231422 0.0319439 0.999232 0.52556
0.476459 -0.878301 0.0394354 16.7872 0.878879 0.477022 0.00530438 30.0506 -0.0234704 0.0321323 0.999219 0.522642
0.47668 -0.878129 0.0405756 17.2585 0.878667 0.477368 0.00830961 30.9104 -0.0266664 0.0316921 0.999153 0.514891
0.475026 -0.878627 0.0484225 17.7307 0.879376 0.476019 0.0104459 31.7834 -0.032228 0.0376201 0.998783 0.500063
0.474997 -0.87851 0.0507648 18.1874 0.879284 0.476142 0.0123342 32.6548 -0.0350068 0.0387787 0.998645 0.482495
0.474342 -0.878926 0.0496804 18.6343 0.879713 0.475388 0.0107433 33.493 -0.0330599 0.0386092 0.998718 0.458893
0.473324 -0.879643 0.0466034 19.0696 0.880462 0.474085 0.00576105 34.3147 -0.0271616 0.0383066 0.998908 0.438893
0.470971 -0.881165 0.0413908 19.505 0.881902 0.471435 0.00115255 35.1297 -0.0205288 0.0359609 0.999153 0.427961
0.47075 -0.881555 0.0351341 19.9343 0.882058 0.471136 0.00251013 35.9541 -0.018766 0.0298099 0.999391 0.4278
0.469841 -0.882222 0.0301922 20.3454 0.882468 0.470291 0.0088156 36.7536 -0.0219768 0.022503 0.999517 0.418583
0.468943 -0.882707 0.029992 20.7542 0.882898 0.469436 0.0110019 37.5468 -0.0237912 0.0213219 0.999501 0.418132
0.467693 -0.883278 0.0325952 21.1667 0.883549 0.468229 0.0101554 38.3118 -0.0242325 0.0240511 0.999429 0.393547
0.466333 -0.883976 0.0331191 21.5658 0.884251 0.466892 0.0105573 39.0677 -0.0247959 0.0243638 0.999407 0.3769
0.464426 -0.885026 0.0318679 21.9449 0.885232 0.464991 0.0121394 39.8161 -0.0255624 0.0225741 0.99943 0.377072
0.462736 -0.885926 0.0314177 22.3266 0.886092 0.463316 0.0133498 40.5478 -0.0263837 0.021663 0.999429 0.36715
0.461889 -0.886356 0.031739 22.7005 0.886516 0.462489 0.0138676 41.2554 -0.026971 0.0217333 0.999412 0.364134
0.461086 -0.886796 0.0311307 23.0684 0.886864 0.461728 0.0166855 41.9781 -0.029171 0.0199168 0.999388 0.354375
0.460308 -0.887203 0.0310394 23.421 0.887122 0.461036 0.0214045 42.6833 -0.0333008 0.0176845 0.999301 0.331082
0.459313 -0.887674 0.0322917 23.781 0.88754 0.460124 0.0235979 43.3955 -0.0358059 0.0178228 0.999212 0.321179
0.45794 -0.888404 0.0317091 24.1274 0.888317 0.458702 0.0219789 44.0777 -0.0340716 0.0181043 0.999268 0.319652
0.456791 -0.889097 0.0286809 24.4649 0.889117 0.457367 0.0168318 44.7448 -0.0280835 0.0178139 0.999459 0.311674
0.456198 -0.889406 0.0285455 24.7879 0.889635 0.456598 0.00807139 45.3741 -0.0202134 0.0217149 0.999573 0.281973
0.455611 -0.889768 0.0265618 25.1107 0.889995 0.455929 0.00597778 46.0097 -0.01743 0.0209184 0.999642 0.26843
0.454762 -0.890275 0.0239946 25.4224 0.890382 0.455107 0.00984237 46.6321 -0.0196835 0.0168905 0.999677 0.270278
0.454278 -0.890565 0.0223529 25.7053 0.890534 0.454665 0.0150926 47.2095 -0.023605 0.0130519 0.99965 0.272039
0.453917 -0.890781 0.0210551 25.9885 0.890718 0.454283 0.015759 47.7737 -0.0236038 0.011603 0.999668 0.277458
0.454025 -0.890667 0.0234057 26.2825 0.890761 0.454362 0.01005 48.3302 -0.0195869 0.0162881 0.99969 0.274539
0.453925 -0.890664 0.0253715 26.5644 0.890932 0.454135 0.00168489 48.8737 -0.0130238 0.0218419 0.999691 0.267193
0.45625 -0.889512 0.0240435 26.843 0.889782 0.456388 -0.000986299 49.4221 -0.0100969 0.0218459 0.999725 0.273119
0.459256 -0.88802 0.0218299 27.113 0.888217 0.459425 0.00167824 49.9712 -0.0115207 0.0186215 0.999775 0.280175
0.463424 -0.885828 0.0227804 27.3528 0.885962 0.463706 0.00722252 50.4196 -0.0169624 0.0168379 0.99973 0.265148
0.468728 -0.882954 0.0256451 27.609 0.883068 0.469127 0.0107914 50.8712 -0.02156 0.0175905 0.999629 0.267292
0.475883 -0.878939 0.0311553 27.873 0.879137 0.476432 0.0117309 51.33 -0.0251549 0.0218094 0.999462 0.269953
0.485147 -0.873757 0.0338817 28.0973 0.873996 0.485784 0.0123351 51.7562 -0.0272377 0.0236302 0.999366 0.262341
0.497896 -0.866574 0.0334047 28.321 0.866769 0.498542 0.013216 52.1753 -0.0281069 0.0223761 0.999371 0.255637
0.512705 -0.857992 0.0307941 28.5619 0.858051 0.513331 0.0157781 52.5912 -0.0293458 0.0183356 0.999418 0.249234
0.530339 -0.847177 0.0315436 28.8147 0.847203 0.531009 0.0169211 52.9905 -0.0310858 0.017752 0.999376 0.233911
0.552443 -0.832892 0.0325575 29.0982 0.832904 0.553154 0.0174186 53.3513 -0.0325178 0.0174967 0.999335 0.229723
0.575898 -0.816795 0.0338687 29.371 0.816765 0.576676 0.0187698 53.7163 -0.0348631 0.0168553 0.999267 0.22075
0.601562 -0.798021 0.0352806 29.6546 0.797929 0.602417 0.0204586 54.0705 -0.0375808 0.0158463 0.999185 0.208736
0.629719 -0.775953 0.0361656 29.9411 0.775818 0.630614 0.0212162 54.3967 -0.0392701 0.0146996 0.999137 0.196313
0.658962 -0.751234 0.0370583 30.2284 0.751027 0.659903 0.0224832 54.706 -0.0413458 0.0130181 0.999077 0.19017
0.691511 -0.721346 0.0377812 30.5274 0.721087 0.692477 0.0229931 54.9931 -0.0427494 0.0113455 0.999038 0.181208
0.725958 -0.686659 0.0379274 30.8325 0.686347 0.726917 0.0232573 55.2495 -0.0435408 0.00914943 0.999027 0.173525
0.76131 -0.64726 0.0376153 31.1426 0.64689 0.762237 0.0234609 55.4864 -0.0438581 0.00647384 0.999034 0.167583
0.797702 -0.601954 0.0357016 31.4816 0.601655 0.798509 0.0204246 55.6709 -0.0408039 0.00518935 0.99917 0.151337
0.832592 -0.552637 0.0365319 31.8066 0.552307 0.833411 0.0201178 55.8482 -0.0415652 0.00342895 0.999147 0.137058
0.865746 -0.499074 0.0368909 32.1479 0.498694 0.866555 0.0202135 56.0104 -0.0420573 0.000899632 0.999131 0.119922
0.896199 -0.442053 0.0370172 32.4981 0.441641 0.896984 0.0198155 56.1498 -0.0419648 -0.00140821 0.999134 0.109597
0.923541 -0.381736 0.0361386 32.8768 0.381347 0.924263 0.0181768 56.2848 -0.0403419 -0.00300352 0.999198 0.0870079
0.946138 -0.321572 0.0370572 33.2519 0.321104 0.946863 0.0189561 56.3918 -0.0411855 -0.00603369 0.999149 0.0805606
0.964702 -0.260391 0.0388281 33.629 0.259796 0.965451 0.0205772 56.4782 -0.0428467 -0.00976139 0.99905 0.0767784
0.979191 -0.199009 0.0393204 33.999 0.198335 0.979908 0.0212778 56.524 -0.0427669 -0.0130343 0.999016 0.0611487
0.989637 -0.138026 0.0392041 34.3847 0.137356 0.990318 0.0202321 56.5454 -0.0416194 -0.0146354 0.999042 0.0456705
0.996179 -0.0782139 0.0385113 34.7636 0.0777327 0.996865 0.0148395 56.5444 -0.0395534 -0.011787 0.999163 0.0340549
0.999006 -0.0210358 0.0390145 35.1413 0.0204897 0.999671 0.0153765 56.5345 -0.0393275 -0.0145596 0.999136 0.0327413
0.998609 0.0342217 0.0398794 35.5226 -0.0349632 0.999204 0.0191002 56.5032 -0.0391967 -0.0204658 0.999037 0.0241352
0.995456 0.0865236 0.0395862 35.903 -0.087327 0.995972 0.0201452 56.4463 -0.0376866 -0.0235084 0.999028 0.0182336
0.990097 0.134818 0.0390147 36.2922 -0.135617 0.990558 0.0197935 56.3538 -0.0359809 -0.0248863 0.999058 0.00477196
0.983062 0.179408 0.0373351 36.6341 -0.179829 0.983646 0.00944105 56.2703 -0.0350334 -0.0159928 0.999273 -0.0387434
0.975382 0.217077 0.0387719 36.9923 -0.217284 0.976098 0.00230616 56.1736 -0.037347 -0.0106718 0.999261 -0.0446908
0.967318 0.250504 0.0392668 37.3554 -0.250758 0.968038 0.00277239 56.0784 -0.0373198 -0.0125261 0.99924 -0.0539695
0.958828 0.281199 0.0397016 37.7256 -0.281801 0.959394 0.0115816 55.9787 -0.0348358 -0.0222905 0.99916 -0.0685866
0.950069 0.309645 0.0386314 38.1165 -0.310505 0.950353 0.019949 55.847 -0.0305399 -0.0309459 0.99907 -0.0780287
0.940337 0.338835 0.0310177 38.5064 -0.339398 0.940482 0.0168245 55.6931 -0.0234745 -0.0263455 0.999393 -0.0456231
0.931564 0.362639 0.0262298 38.8815 -0.362991 0.931703 0.0121717 55.5188 -0.020028 -0.0208572 0.999597 -0.0477139
0.923887 0.382254 0.0179391 39.2669 -0.382371 0.923976 0.00637679 55.3462 -0.0141412 -0.0127479 0.999834 -0.0508366
0.91625 0.400499 0.00982944 39.6532 -0.400527 0.916249 0.0068193 55.1681 -0.00627878 -0.010182 0.999944 -0.0645928
0.908938 0.416741 0.0129433 39.995 -0.416827 0.908924 0.00958025 55.0193 -0.00777585 -0.0140999 0.999886 -0.0871711
0.902334 0.430712 0.0170408 40.3966 -0.430873 0.902337 0.0108035 54.8352 -0.0107271 -0.0170879 0.999812 -0.0897218
0.895892 0.443872 0.0191056 40.8101 -0.444069 0.895919 0.0106669 54.6272 -0.0123861 -0.0180378 0.999776 -0.0820579
0.89006 0.455445 0.0193088 41.2421 -0.455653 0.890077 0.0111815 54.4063 -0.0120977 -0.0187476 0.999766 -0.0881626
0.884056 0.466963 0.0200633 41.686 -0.467177 0.88409 0.0105748 54.1809 -0.0128036 -0.0187191 0.999758 -0.0979265
0.879468 0.475581 0.0192307 42.1407 -0.475777 0.879496 0.010267 53.9382 -0.0120345 -0.0181763 0.999777 -0.0992807
0.875643 0.482633 0.0180222 42.6116 -0.482804 0.875664 0.00983508 53.6721 -0.0110386 -0.0173105 0.999804 -0.0974185
0.872788 0.487796 0.0174819 43.0825 -0.48796 0.872798 0.0100937 53.3935 -0.0103385 -0.0173375 0.999811 -0.129944
0.870015 0.492764 0.0163251 43.5705 -0.492904 0.870023 0.00954249 53.1148 -0.00950505 -0.0163462 0.999836 -0.13933
0.867386 0.497395 0.0157417 44.0776 -0.497532 0.867377 0.010249 52.8192 -0.00856033 -0.0167192 0.999838 -0.145725
0.865142 0.501365 0.0130374 44.6343 -0.501395 0.865208 0.0023231 52.5034 -0.0101192 -0.00854407 0.999926 -0.14076
0.863716 0.503828 0.0126196 45.1779 -0.503841 0.86379 0.000902116 52.1907 -0.01045 -0.00713486 0.999934 -0.141798
0.862154 0.506538 0.0107874 45.7272 -0.506523 0.86222 -0.000892877 51.8596 -0.00975716 -0.00469167 0.999955 -0.148604
0.861265 0.508093 0.0083283 46.2808 -0.508019 0.861317 -0.00637948 51.5329 -0.0104183 0.00126609 0.999958 -0.18881
0.860572 0.509293 0.00628718 46.8604 -0.509184 0.86059 -0.0104851 51.1849 -0.0107542 0.0058245 0.999938 -0.196544
0.860818 0.508889 0.00511933 47.4582 -0.508771 0.860813 -0.0121272 50.8248 -0.0105817 0.00783736 0.999926 -0.196448
0.861955 0.506936 0.00699472 48.0663 -0.50679 0.861964 -0.0132994 50.4777 -0.0127746 0.00792118 0.9999 -0.186703
0.863763 0.503853 0.00669321 48.6915 -0.503702 0.863763 -0.0139727 50.1145 -0.012825 0.00870015 0.999892 -0.196501
0.865672 0.500548 0.00780402 49.328 -0.500423 0.865706 -0.0113574 49.7382 -0.0124444 0.0059288 0.999917 -0.20791
0.867467 0.497463 0.00501355 49.9503 -0.497309 0.86743 -0.015766 49.3819 -0.0121954 0.0111856 0.999874 -0.211449
0.86919 0.494461 0.00291336 50.6152 -0.494292 0.86908 -0.0193664 49.0078 -0.0121113 0.0153955 0.999819 -0.222847
0.870307 0.492484 0.00408685 51.3084 -0.492345 0.870264 -0.0154815 48.6316 -0.0111846 0.0114639 0.999882 -0.262229
0.872123 0.489257 0.00422642 52.0106 -0.48912 0.872083 -0.0153519 48.2405 -0.0112004 0.0113238 0.999883 -0.274841
0.874757 0.484439 0.0102183 52.7117 -0.484384 0.874842 -0.00527085 47.8672 -0.0114965 -0.000336908 0.999943 -0.290074
0.876451 0.481415 0.00756087 53.4157 -0.481378 0.87651 -0.00329553 47.4873 -0.00821761 -0.00074934 0.999975 -0.277858
0.877647 0.479271 0.00418416 54.1504 -0.479233 0.877683 -0.00382897 47.0997 -0.00551151 0.00135726 0.999993 -0.272205
0.877854 0.478906 0.00170985 54.8827 -0.478874 0.87788 -0.00371864 46.7203 -0.00328607 0.00244758 1 -0.267747
0.878053 0.478524 0.00417669 55.6018 -0.478515 0.878076 0.00361504 46.3384 -0.00194185 -0.0051711 0.999993 -0.279358
0.878229 0.4782 0.00408242 56.3254 -0.478192 0.87825 0.00425354 45.9541 -0.00155567 -0.00568611 0.99999 -0.27105
0.878081 0.47841 0.00858011 57.0478 -0.478445 0.8781 0.00639188 45.5576 -0.0044805 -0.00971622 0.99995 -0.26831
0.878148 0.47825 0.0103599 57.7657 -0.478317 0.87815 0.00869753 45.1678 -0.00494225 -0.0125917 0.999915 -0.262787
0.878033 0.47848 0.00941619 58.5303 -0.478517 0.878071 0.00485725 44.7741 -0.00594823 -0.00876921 0.99995 -0.264563
0.87814 0.478289 0.00908023 59.2687 -0.478314 0.878189 0.00343904 44.3862 -0.00633355 -0.00736174 0.999959 -0.269313
0.877678 0.479177 0.00652668 59.9962 -0.479188 0.877711 0.00396981 43.9907 -0.00383067 -0.00661032 0.999976 -0.268902
0.876711 0.480939 0.00688566 60.7196 -0.48096 0.876732 0.00564705 43.6049 -0.00332542 -0.00826124 0.999966 -0.263484
0.874999 0.48394 0.012236 61.4367 -0.484046 0.874984 0.0107938 43.232 -0.00548715 -0.0153663 0.999872 -0.248269
0.872833 0.487841 0.0120315 62.1437 -0.487943 0.872823 0.0103894 42.8527 -0.00543739 -0.0149379 0.999878 -0.254083
0.869706 0.493209 0.0181126 62.8677 -0.493446 0.869674 0.0139564 42.446 -0.00887289 -0.0210748 0.999743 -0.217488
0.866241 0.499245 0.0187436 63.6019 -0.4995 0.866203 0.0144547 42.0343 -0.00902356 -0.0218829 0.999724 -0.203073
0.861635 0.506986 0.0228642 64.3224 -0.507347 0.861615 0.0153682 41.6068 -0.0119128 -0.0248413 0.999624 -0.232124
0.85667 0.515359 0.0222454 65.0232 -0.515699 0.856652 0.0148463 41.1837 -0.0114095 -0.0241896 0.999646 -0.227287
0.851254 0.52438 0.0191387 65.7126 -0.524588 0.851321 0.00898647 40.7626 -0.0115851 -0.0176888 0.99978 -0.240347
0.846164 0.532595 0.018016 66.3905 -0.532754 0.846259 0.00631981 40.3468 -0.0118846 -0.0149448 0.999821 -0.247324
0.840416 0.541542 0.020242 67.0599 -0.541752 0.84052 0.0074108 39.907 -0.0130047 -0.0171934 0.999771 -0.243641
0.834706 0.550312 0.0199997 67.7287 -0.550516 0.834808 0.00719821 39.4682 -0.0127389 -0.0170177 0.999777 -0.237785
0.828242 0.559895 0.0225972 68.3976 -0.560195 0.828308 0.010682 39.0129 -0.0127408 -0.0215055 0.99969 -0.238045
0.82206 0.56898 0.0213726 69.0458 -0.569276 0.822067 0.0125621 38.5633 -0.0104264 -0.0224931 0.999695 -0.21909
0.816068 0.577664 0.0177942 69.6467 -0.577862 0.816091 0.00995177 38.1473 -0.00877723 -0.0184032 0.999795 -0.221631
0.810253 0.585844 0.0160275 70.2541 -0.585997 0.810289 0.00822099 37.7114 -0.00817515 -0.0160524 0.99984 -0.22004
0.804807 0.593302 0.0161015 70.878 -0.593448 0.804858 0.00723779 37.2536 -0.00866967 -0.0153797 0.999847 -0.224761
0.799213 0.600825 0.0157984 71.4922 -0.600961 0.799271 0.00642397 36.7988 -0.00877193 -0.0146276 0.999857 -0.21511
0.793868 0.607907 0.0143644 72.0307 -0.608006 0.79394 0.00436401 36.3784 -0.00875602 -0.0121972 0.99989 -0.212795
0.789439 0.613693 0.0123354 72.5862 -0.613739 0.789529 0.000718664 35.939 -0.00930267 -0.00813714 0.999926 -0.197379
0.785694 0.618531 0.00947845 73.1514 -0.618501 0.785785 -0.00560932 35.4921 -0.0109222 -0.00145409 0.999942 -0.186517
0.782768 0.622136 0.0143912 73.7283 -0.622121 0.782922 -0.00564074 35.0281 -0.014781 -0.00453661 0.999883 -0.197097
0.780771 0.624648 0.0140772 74.2993 -0.624607 0.780927 -0.00736428 34.5715 -0.0155978 -0.00304179 0.999876 -0.195249
0.779926 0.625645 0.0164505 74.8587 -0.625655 0.780107 -0.00497031 34.1431 -0.0159471 -0.00641484 0.999854 -0.184483
0.779355 0.626371 0.0158963 75.4043 -0.626374 0.779529 -0.00521588 33.7059 -0.0156631 -0.00589106 0.999862 -0.187984
0.779309 0.626503 0.0126333 75.9338 -0.626442 0.779444 -0.00868875 33.2839 -0.0152949 -0.00114173 0.999884 -0.180915
0.780513 0.62504 0.0106934 76.4229 -0.624979 0.780619 -0.00859914 32.8828 -0.0137269 2.95767e-05 0.999907 -0.178005
0.783055 0.621874 0.00934744 76.9113 -0.621808 0.783142 -0.00913461 32.4969 -0.0130056 0.00134159 0.999915 -0.177971
0.787081 0.616796 0.00754712 77.3968 -0.616716 0.78714 -0.010706 32.1298 -0.0125487 0.00377303 0.999915 -0.184961
0.794245 0.607533 0.00843371 77.8744 -0.607447 0.794312 -0.0109677 31.7729 -0.0133669 0.00358897 0.999905 -0.198786
0.802076 0.597177 0.00686071 78.3449 -0.597082 0.802115 -0.0122652 31.4302 -0.0128323 0.00574221 0.999901 -0.195719
0.811715 0.584033 0.00431687 78.8158 -0.583936 0.811707 -0.0140404 31.1095 -0.0117089 0.00887699 0.999892 -0.20129
0.823148 0.567791 0.00593759 79.275 -0.567742 0.823189 -0.00881701 30.8218 -0.00989873 0.00388744 0.999943 -0.190854
0.836014 0.548683 0.00497477 79.7279 -0.548653 0.83605 -0.00718296 30.5334 -0.0081051 0.00327629 0.999961 -0.195978
0.850576 0.525832 0.00424517 80.1966 -0.525813 0.850608 -0.00628422 30.26 -0.00692023 0.00311363 0.999971 -0.199285
0.866648 0.498904 0.00366334 80.641 -0.49891 0.866682 -0.00239 30.0226 -0.00437214 0.000244054 0.99999 -0.201623
0.883707 0.468015 0.0048953 81.1144 -0.468019 0.883745 -0.00299727 29.7905 -0.00573379 0.00035805 0.999982 -0.206324
0.90228 0.431095 0.0069794 81.6114 -0.431078 0.902328 -0.00555949 29.575 -0.00869922 0.00200803 0.999959 -0.188684
0.920375 0.390873 0.0114684 82.0699 -0.390878 0.920467 -0.00326775 29.4417 -0.0118383 -0.00147473 0.999928 -0.183612
0.938082 0.346059 0.015807 82.5463 -0.34612 0.93822 -4.24714e-05 29.2969 -0.0148498 -0.00543084 0.999874 -0.183595
0.954622 0.297215 0.0192049 83.0386 -0.297359 0.954787 0.00385554 29.1812 -0.0171952 -0.00939089 0.999807 -0.169054
0.969692 0.243531 0.0200509 83.5272 -0.243704 0.969863 0.00538011 29.0828 -0.0181409 -0.0101031 0.999783 -0.172749
0.98282 0.18354 0.0198361 84.0371 -0.183618 0.983024 0.000874597 29.0265 -0.0193435 -0.00450131 0.999802 -0.173159
0.992629 0.119951 0.0179059 84.5272 -0.119987 0.992801 -0.000543902 28.994 -0.017847 -0.00160809 0.999838 -0.164148
0.99848 0.0536911 0.013414 85.018 -0.0536976 0.998579 -0.0019696 28.991 -0.0135056 0.00124667 0.999907 -0.169334
0.999872 -0.0149606 0.00801374 85.4936 0.0149444 0.999909 -0.00164764 29.0324 -0.00799338 0.00176737 0.999965 -0.168554
0.996297 -0.0860945 0.00413965 85.9662 0.086064 0.996309 -4.91696e-05 29.1331 -0.00412517 0.0004053 0.99999 -0.1895
0.987888 -0.1553 0.00205127 86.4307 0.155268 0.98789 -0.000253125 29.2407 -0.0019922 0.000568513 0.999997 -0.202952
0.974766 -0.223333 0.0020825 86.881 0.223301 0.974765 -0.000906848 29.3688 -0.00183256 0.00134894 0.999996 -0.206459
0.957181 -0.289529 0.0058321 87.331 0.289498 0.957193 0.000270821 29.5271 -0.00566603 0.00142923 0.999982 -0.196061
0.935338 -0.353739 0.00873859 87.7835 0.353719 0.935364 -0.00039543 29.7194 -0.00803917 0.00346104 0.999961 -0.194404
0.9098 -0.41498 0.011228 88.2063 0.41495 0.909853 0.00181506 29.935 -0.0109744 0.00300802 0.999935 -0.189307
0.881575 -0.471928 0.0136322 88.6114 0.471882 0.881662 0.00411111 30.1771 -0.0139644 0.00280893 0.999898 -0.191309
0.85193 -0.523499 0.0156841 89.0038 0.523425 0.852055 0.0066572 30.434 -0.016854 0.00253849 0.999855 -0.185965
0.822868 -0.567903 0.0215163 89.3652 0.567792 0.823121 0.00992092 30.7684 -0.0233499 0.00405398 0.99972 -0.180259
0.795659 -0.605416 0.0221313 89.725 0.605204 0.795945 0.0145931 31.0602 -0.0264554 0.0017837 0.999649 -0.177641
0.771319 -0.636277 0.0177417 90.0638 0.63598 0.771497 0.0182891 31.3723 -0.0253296 -0.00282252 0.999676 -0.183131
0.749671 -0.661767 0.0125919 90.3926 0.661493 0.749735 0.0183858 31.6952 -0.0216126 -0.00545321 0.999753 -0.214032
0.731879 -0.681388 0.0129664 90.7224 0.681116 0.731957 0.0182885 32.0129 -0.0219573 -0.00455263 0.999751 -0.204639
0.719331 -0.694638 0.0121674 91.0802 0.694409 0.719403 0.0164348 32.3505 -0.0201746 -0.00337227 0.999793 -0.198584
0.709782 -0.704403 0.011661 91.4612 0.704206 0.709852 0.0148203 32.73 -0.0187221 -0.00230679 0.999825 -0.20134
0.701608 -0.712573 0.00990814 91.8247 0.712388 0.70165 0.0144449 33.1055 -0.0172502 -0.00307564 0.999849 -0.200222
0.696673 -0.717447 0.00571625 92.1688 0.717258 0.696641 0.0158327 33.4832 -0.0153462 -0.0069297 0.999862 -0.206824
0.695503 -0.718605 0.00102427 92.5151 0.718424 0.69538 0.018267 33.8675 -0.0138437 -0.0119686 0.999836 -0.239345
0.694848 -0.71924 -0.00155236 92.8792 0.719087 0.694688 0.018531 34.2492 -0.0122545 -0.0139922 0.999831 -0.254392
0.696176 -0.717959 -0.000415694 93.2515 0.71782 0.696064 0.0159403 34.6311 -0.01116 -0.0113954 0.999877 -0.263006
0.700289 -0.713946 -0.00229892 93.6491 0.713875 0.700223 0.00983638 35.0385 -0.00541809 -0.00852933 0.999954 -0.261376
0.703811 -0.710433 -0.00814834 94.0529 0.710424 0.703751 0.00781218 35.4418 0.000179097 -0.0112873 0.999941 -0.265786
0.706924 -0.707272 -0.012645 94.4642 0.707327 0.706801 0.0122933 35.8573 0.000237796 -0.0176349 0.99985 -0.251083
0.711199 -0.702946 -0.0142077 94.9006 0.703028 0.710985 0.0168994 36.3047 -0.00178263 -0.0220075 0.999762 -0.257222
0.714932 -0.699186 -0.0123274 95.3476 0.699221 0.71469 0.018533 36.749 -0.00415236 -0.0218695 0.999758 -0.243213
0.718232 -0.695838 -0.00976256 95.8006 0.695811 0.717979 0.0197972 37.1881 -0.00677097 -0.0210117 0.999762 -0.22882
0.720742 -0.69328 -0.00642558 96.2721 0.693205 0.720558 0.0173954 37.6408 -0.0074347 -0.0169914 0.999834 -0.238159
0.722911 -0.691045 -0.00251312 96.7474 0.690943 0.722817 0.013243 38.0932 -0.00734019 -0.0113093 0.999915 -0.240201
0.724099 -0.689805 0.00144642 97.2306 0.689719 0.724084 0.00586108 38.5611 -0.00509611 -0.00324555 0.999988 -0.248214
0.723138 -0.690815 -0.00150314 97.7125 0.690742 0.723117 0.00467346 39.0116 -0.00214743 -0.0044172 0.999994 -0.238355
0.722125 -0.69184 -0.00713765 98.2066 0.691804 0.722091 0.00622412 39.4913 0.000842162 -0.00943214 0.999962 -0.230239
0.720552 -0.693347 -0.0153556 98.7049 0.69343 0.720489 0.00988432 39.9746 0.00420481 -0.0177704 0.99984 -0.213816
0.718603 -0.695366 -0.0154643 99.2287 0.69546 0.718466 0.0138019 40.4946 0.00150801 -0.020673 0.999792 -0.232553
0.717447 -0.696652 -0.0106419 99.7548 0.696655 0.71734 0.0120767 41.0066 -0.000784769 -0.0160778 0.999877 -0.227351
0.715556 -0.698662 -0.00464082 100.279 0.698568 0.715443 0.013974 41.507 -0.00644813 -0.0132403 0.999898 -0.223972
0.714057 -0.700179 -0.00671189 100.796 0.700101 0.713905 0.0158297 42.0191 -0.00629709 -0.0160016 0.999859 -0.202722
0.711871 -0.702348 -0.0111862 101.313 0.702331 0.711627 0.0192699 42.5792 -0.00557866 -0.0215736 0.999758 -0.223326
0.709121 -0.705063 -0.0146458 101.854 0.705123 0.708865 0.0191824 43.1277 -0.00314775 -0.0239295 0.999715 -0.240202
0.706494 -0.707699 -0.0145624 102.432 0.707762 0.706329 0.0151 43.6987 -0.00040567 -0.0209745 0.999786 -0.253024
0.703718 -0.710464 -0.0144385 102.995 0.710522 0.703583 0.0136489 44.2602 0.000456219 -0.0198634 0.999808 -0.228494
0.701779 -0.71245 -0.0105277 103.568 0.712436 0.701661 0.012867 44.847 -0.00178572 -0.0165294 0.999867 -0.238707
0.700319 -0.713913 -0.00865663 104.141 0.713863 0.700192 0.0137574 45.4287 -0.00376575 -0.0158132 0.999873 -0.223355
0.698962 -0.715287 -0.00351002 104.712 0.715174 0.698881 0.0123066 45.9929 -0.00635528 -0.0111106 0.999923 -0.224482
0.698447 -0.715796 -0.00267111 105.291 0.715667 0.698366 0.0128433 46.573 -0.00733335 -0.0108804 0.999918 -0.208306
0.697569 -0.716658 -0.000277599 105.879 0.716502 0.697506 0.0130262 47.188 -0.00914727 -0.00928367 0.999919 -0.217264
0.697486 -0.71674 -0.00133321 106.46 0.71659 0.697411 0.0133367 47.792 -0.00863468 -0.0102557 0.999914 -0.214182
0.698106 -0.716139 -0.000685995 107.051 0.716007 0.698066 0.010029 48.3832 -0.00670915 -0.00749052 0.999952 -0.226071
0.698865 -0.715389 -0.00402455 107.629 0.715281 0.6988 0.010655 49 -0.00481593 -0.0103234 0.999937 -0.220317
0.702185 -0.711906 -0.018402 108.207 0.712022 0.701758 0.0249899 49.6228 -0.00488102 -0.03065 0.99952 -0.218934
0.704419 -0.709605 -0.0216812 108.807 0.709807 0.703826 0.0294798 50.2427 -0.00566312 -0.0361557 0.999331 -0.214911
0.705296 -0.708797 -0.0195691 109.418 0.708944 0.704834 0.0259727 50.8347 -0.00462069 -0.0321915 0.999472 -0.230315
0.706483 -0.707635 -0.0188535 110.02 0.707767 0.706089 0.0239287 51.441 -0.00362506 -0.0302487 0.999536 -0.217992
0.707674 -0.706578 -0.0130072 110.602 0.706576 0.707449 0.0183342 52.0314 -0.00375775 -0.022164 0.999747 -0.21246
0.708424 -0.705875 -0.0100792 111.197 0.705824 0.708267 0.0155416 52.6214 -0.00383717 -0.0181226 0.999827 -0.202793
0.708941 -0.705371 -0.0091136 111.814 0.705311 0.708837 0.0125767 53.2559 -0.00241704 -0.0153422 0.999878 -0.172722
0.710278 -0.704001 -0.010898 112.432 0.703965 0.710144 0.0141796 53.8812 -0.00224897 -0.0177416 0.999838 -0.165423
0.712408 -0.701873 -0.00912684 113.045 0.701769 0.712162 0.0204994 54.5067 -0.00789312 -0.0210069 0.999746 -0.171563
0.714285 -0.699954 -0.00985949 113.653 0.699825 0.713929 0.0250284 55.1153 -0.0104842 -0.0247755 0.999635 -0.171624
0.714465 -0.699774 -0.00975211 114.257 0.699676 0.7142 0.0211659 55.7081 -0.00785129 -0.0219437 0.999725 -0.209887
0.715731 -0.698465 -0.0107832 114.862 0.698425 0.715654 0.0109393 56.2972 7.02273e-05 -0.0153589 0.999878 -0.210621
0.714285 -0.699861 -0.0153667 115.445 0.699822 0.714372 0.00031883 56.8704 0.010747 -0.0109801 0.999877 -0.165288
0.714176 -0.700072 -0.00989479 116.036 0.699989 0.714207 0.00145596 57.4524 0.0060403 -0.00796371 0.999944 -0.138152
0.712067 -0.702289 -0.000179622 116.659 0.702139 0.712049 0.00803685 58.0772 -0.00552284 -0.00584528 0.999961 -0.159815
0.710447 -0.703925 0.002677 117.273 0.703708 0.710416 0.0134603 58.6896 -0.0113827 -0.00767499 0.999898 -0.125883
0.70919 -0.705176 0.0054961 117.848 0.704865 0.709159 0.0183204 59.255 -0.016822 -0.00911426 0.999809 -0.0998633
0.707391 -0.707004 0.00131662 118.398 0.706721 0.707283 0.0192855 59.8446 -0.0145712 -0.012708 0.999804 -0.133328
0.707197 -0.70718 -0.00542802 118.999 0.707017 0.707044 0.0171205 60.4242 -0.00827476 -0.0159423 0.999829 -0.178279
0.706209 -0.708175 -0.00457595 119.591 0.708032 0.706131 0.0120797 61.0314 -0.00532935 -0.0117675 0.999906 -0.175286
0.703824 -0.710553 -0.00374082 120.167 0.710404 0.703762 0.0109793 61.6177 -0.0051749 -0.0103815 0.999921 -0.169688
0.701191 -0.713138 -0.00595658 120.741 0.713011 0.701115 0.011265 62.2055 -0.00386332 -0.0121428 0.999906 -0.161878
0.699002 -0.71526 -0.00860788 121.316 0.715165 0.698919 0.0111886 62.7913 -0.00199265 -0.0139741 0.999887 -0.143059
0.696493 -0.717655 -0.0120917 121.886 0.717611 0.696363 0.013677 63.3856 -0.00140094 -0.0182007 0.999819 -0.112695
0.693802 -0.720244 -0.0129569 122.428 0.720213 0.693691 0.0125549 63.9875 -6.03822e-05 -0.0180401 0.999822 -0.120342
0.692422 -0.721582 -0.0124162 122.982 0.72154 0.692328 0.0115477 64.5972 0.000257422 -0.0169522 0.99984 -0.113093
0.691247 -0.722761 -0.00898186 123.576 0.722666 0.691199 0.00826826 65.2063 0.000225747 -0.0122031 0.999908 -0.0846536
0.689836 -0.724123 -0.00779547 124.15 0.724013 0.689812 0.00597084 65.8134 0.00104691 -0.00975939 0.999933 -0.0504042
0.688528 -0.72537 -0.00771696 124.704 0.725257 0.688477 0.00848222 66.3865 -0.000846349 -0.0114334 0.999914 -0.056346
0.686073 -0.727695 -0.00754217 125.265 0.727578 0.686053 0.00548536 66.9701 0.00117569 -0.00924715 0.999935 -0.0422379
0.682058 -0.731464 -0.00736348 125.823 0.731337 0.682062 0.00236654 67.5906 0.00328388 -0.00699543 0.999947 -0.0462094
0.677155 -0.736016 -0.00635667 126.381 0.735881 0.677155 0.00226424 68.2005 0.00263046 -0.00620687 0.999953 -0.0431463
0.672268 -0.740512 0.000396584 126.934 0.740345 0.672261 0.00433094 68.7939 -0.00348104 -0.00261258 0.999965 -0.00600141
0.667982 -0.744377 0.00293347 127.476 0.744181 0.667979 0.0078489 69.3881 -0.00780892 -0.00305407 0.999938 0.0309356
0.665072 -0.746975 0.0042674 127.999 0.746652 0.665027 0.0176537 69.9819 -0.0160303 -0.00854873 0.999807 0.0284954
0.661905 -0.749796 0.000718019 128.525 0.749411 0.661729 0.0236078 70.5841 -0.0181807 -0.0150827 0.999691 0.0054189
0.658225 -0.753029 -0.00227445 129.024 0.752734 0.658046 0.0206362 71.1902 -0.0140478 -0.0152904 0.999754 -0.0367131
0.653799 -0.756789 -0.0117284 129.55 0.756686 0.653569 0.0181927 71.7898 -0.00610768 -0.0207659 0.999734 -0.0304856
0.647596 -0.762059 -0.0145288 130.074 0.762023 0.647417 0.0150975 72.4131 -0.00210434 -0.0208455 0.999747 -0.0184689
0.641874 -0.766884 -0.0146748 130.604 0.766846 0.641672 0.0160783 73.0503 -0.00291892 -0.0215707 0.999728 -0.0132345
0.636145 -0.771616 -0.0161695 131.101 0.771585 0.635803 0.0215326 73.684 -0.00633858 -0.0261713 0.999601 8.74698e-06
0.62991 -0.77665 -0.0190705 131.604 0.776683 0.629493 0.023473 74.3282 -0.0062295 -0.0295955 0.999505 0.0210189
0.622123 -0.782914 -0.0186768 132.107 0.782952 0.621823 0.0192265 74.9638 -0.00344365 -0.0265818 0.999602 0.0019643
0.61482 -0.788656 -0.019061 132.622 0.788706 0.614595 0.0161482 75.6241 -0.00102559 -0.0249592 0.999647 -0.00603306
0.608949 -0.793179 -0.0198745 133.129 0.793245 0.608679 0.0177458 76.3 -0.00198318 -0.0265691 0.999603 -0.0162656
0.602406 -0.798159 -0.0199869 133.629 0.798219 0.602072 0.019933 76.9814 -0.00388057 -0.0279591 0.999558 -0.0218999
0.596064 -0.802968 -0.017447 134.101 0.802925 0.595628 0.02405 77.6536 -0.00892336 -0.0283406 0.999514 -0.0274237
0.59059 -0.807037 -0.0158639 134.587 0.806936 0.590139 0.0250649 78.3281 -0.0108703 -0.0276004 0.999514 -0.0255091
0.587492 -0.809307 -0.015285 135.064 0.80918 0.587028 0.0257639 78.9662 -0.0118819 -0.0275003 0.999503 -0.0336824
0.584142 -0.811646 -0.0192647 135.534 0.811629 0.583628 0.0259711 79.6282 -0.00983947 -0.0308032 0.999428 -0.0199736
0.581945 -0.81306 -0.0252323 135.989 0.813232 0.581345 0.0269999 80.3221 -0.00728692 -0.0362301 0.999266 -0.0267273
0.578991 -0.815038 -0.0291174 136.464 0.815364 0.578461 0.0245188 81.0173 -0.0031437 -0.037936 0.999223 -0.0412618
0.576342 -0.81686 -0.0306084 136.924 0.817241 0.57581 0.0244251 81.7174 -0.00233047 -0.0390904 0.999179 0.00103831
0.574173 -0.818477 -0.0281034 137.389 0.818741 0.573505 0.0281402 82.4121 -0.00691749 -0.0391648 0.999154 0.0092212
0.57019 -0.821357 -0.0250626 137.864 0.821481 0.569467 0.0301994 83.105 -0.0105349 -0.037805 0.999173 0.0113202
0.565888 -0.824412 -0.022152 138.329 0.824451 0.565277 0.0278746 83.7756 -0.0104613 -0.0340334 0.999307 0.00845486
0.561883 -0.827248 -0.0180786 138.799 0.827217 0.561503 0.0214303 84.4354 -0.00758126 -0.0269913 0.999546 -0.00597206
0.556758 -0.83062 -0.0217239 139.256 0.830703 0.556441 0.0183521 85.1109 -0.00316007 -0.0282595 0.999533 0.0247125
0.550156 -0.834965 -0.0233572 139.709 0.835093 0.549848 0.0177952 85.8054 -0.00201994 -0.0292916 0.999504 -0.00244167
0.544041 -0.839062 -0.0195289 140.168 0.839073 0.543699 0.0193981 86.5085 -0.00566291 -0.0269345 0.999554 -0.0258642
0.537376 -0.843506 -0.0107046 140.622 0.843315 0.537116 0.0187738 87.2158 -0.0100914 -0.0191085 0.999698 -0.0216439
0.532152 -0.846879 -0.00165289 141.068 0.846621 0.532062 0.0129798 87.9361 -0.0101195 -0.00829665 0.999844 -0.00947848
0.526879 -0.85017 0.00221052 141.495 0.849882 0.526829 0.0132808 88.635 -0.0124623 -0.00510764 0.999837 -0.00413629
0.522138 -0.853089 0.00309412 141.946 0.852806 0.522103 0.0123945 89.345 -0.012196 -0.0038216 0.999844 0.0130748
0.516682 -0.856399 0.00464469 142.366 0.856183 0.51667 0.004997 90.0319 -0.00668727 0.00140677 0.9999 -0.0272564
0.511239 -0.859631 0.00852271 142.813 0.85947 0.511176 -0.00556224 90.7338 0.000415078 0.0101818 0.999869 -0.0296775
0.505686 -0.86289 0.010424 143.231 0.862748 0.505633 -0.00465716 91.471 -0.00126191 0.0113619 0.999854 -0.0311519
0.501321 -0.865453 0.00882502 143.643 0.865279 0.501309 0.000451482 92.2211 -0.00482385 0.00742291 0.999878 -0.0279285
0.496454 -0.868253 0.00904045 144.07 0.867947 0.4965 0.0131873 93.0086 -0.0159458 0.00131289 0.999787 0.000390172
0.492741 -0.870328 0.0122621 144.493 0.869945 0.492854 0.0175364 93.7706 -0.0213128 0.0020405 0.999684 -0.00295264
0.491264 -0.871117 0.0152332 144.887 0.8708 0.491429 0.0148774 94.4693 -0.0204536 0.00597135 0.999684 -0.0322434
0.489305 -0.87229 0.0104692 145.276 0.87201 0.489369 0.0115159 95.1962 -0.0151761 0.00350813 0.999788 -0.0275619
0.488028 -0.873068 0.00153545 145.682 0.872811 0.487984 0.00935131 95.9634 -0.00892075 -0.00321244 0.999862 -0.0269423
0.486174 -0.874095 0.00380567 146.097 0.873858 0.486153 0.00647643 96.7367 -0.00751887 0.000188804 0.999876 -0.0105181
0.484576 -0.874976 0.00519971 146.516 0.874749 0.484564 0.00519569 97.4706 -0.00707369 0.00204306 0.999875 -0.0157113
0.484325 -0.875119 0.00459823 146.942 0.874872 0.484311 0.00744495 98.2313 -0.00874985 0.000429239 0.999862 -0.0428893
0.484348 -0.875113 0.00336957 147.339 0.874819 0.484316 0.0119573 98.9715 -0.0121029 -0.00283198 0.999821 -0.114187
0.483144 -0.875765 0.00609012 147.748 0.875511 0.483145 0.00803345 99.7123 -0.00998551 0.00146335 0.999845 -0.113199
0.480738 -0.877106 0.00241554 148.15 0.876865 0.480708 0.00644706 100.42 -0.00682349 -0.000969623 0.99987 -0.142165
0.479267 -0.877915 -0.000327129 148.563 0.87769 0.479226 0.00391253 101.15 -0.00328575 -0.00215142 0.999883 -0.165036
0.47786 -0.878682 -0.00101657 148.971 0.87846 0.477821 0.00257401 101.918 -0.00178376 -0.00211235 0.999885 -0.265867
0.477113 -0.879086 0.00240167 149.363 0.878858 0.477083 0.00349762 102.691 -0.00422848 0.000453781 0.999878 -0.293616
0.47572 -0.879788 0.00998299 149.779 0.879572 0.475748 0.00532539 103.446 -0.00944306 0.00626164 0.99982 -0.225864
0.475134 -0.880083 0.0117961 150.182 0.879871 0.475186 0.00605511 104.183 -0.0109429 0.00751695 0.999794 -0.202151
0.474542 -0.88036 0.0147256 150.542 0.880204 0.474597 0.0031837 104.918 -0.00980065 0.0114666 0.999767 -0.231741
0.47363 -0.880903 0.011285 150.914 0.88071 0.473656 0.00335119 105.668 -0.00830609 0.00836638 0.999809 -0.246777
0.473394 -0.881103 0.000701454 151.336 0.880871 0.473359 0.0027109 106.421 -0.0027285 -0.000654199 0.999872 -0.227458
0.47255 -0.881557 -0.000435239 151.739 0.881328 0.472514 0.0012477 107.178 -0.000902222 -0.000962262 0.999872 -0.226555
0.473275 -0.881168 0.00117032 152.12 0.880919 0.473239 0.00601165 107.913 -0.00585869 -0.00180281 0.999852 -0.132063
0.47349 -0.881053 -0.00182976 152.507 0.88079 0.473419 0.00964155 108.653 -0.00763535 -0.00616651 0.999821 -0.104813
0.472393 -0.881641 -0.00233856 152.889 0.881387 0.472324 0.00867166 109.357 -0.00654767 -0.0061474 0.999826 -0.152111
0.471077 -0.88231 -0.0083273 153.265 0.882112 0.470993 0.00720253 110.066 -0.00243929 -0.0107303 0.999804 -0.150201
0.470977 -0.882343 -0.0103198 153.649 0.882168 0.470909 0.00561359 110.81 -9.99476e-05 -0.0117401 0.999793 -0.180611
0.470079 -0.882824 -0.0102248 154.049 0.882646 0.470005 0.00612279 111.558 -0.000606136 -0.0118954 0.999789 -0.181834
0.468145 -0.883896 -0.00510263 154.406 0.88367 0.468085 0.00534128 112.249 -0.0023398 -0.00699986 0.999831 -0.125767
0.467885 -0.884049 0.000923644 154.785 0.883809 0.467851 0.00108543 112.941 -0.00139993 0.000320542 0.999855 -0.11416
0.466647 -0.884654 0.00946046 155.137 0.884462 0.46661 -0.00256076 113.596 -0.00215849 0.00957777 0.999806 -0.227183
0.467212 -0.884338 0.0110241 155.493 0.884164 0.467118 -0.00768832 114.259 0.00163925 0.0133554 0.999761 -0.233779
0.46867 -0.883562 0.011394 155.795 0.883382 0.468527 -0.0110501 114.892 0.00441438 0.0152606 0.999724 -0.227616
0.469168 -0.883267 0.0136089 156.116 0.883116 0.468991 -0.0125394 115.513 0.00468201 0.0179187 0.999676 -0.205856
0.471026 -0.88222 0.016903 156.446 0.88212 0.470774 -0.0154852 116.114 0.00569205 0.0222231 0.999583 -0.188617
0.474101 -0.880546 0.0182079 156.751 0.880474 0.473836 -0.0157743 116.692 0.00525045 0.0235294 0.999553 -0.18629
0.478372 -0.878137 0.022372 157.067 0.878175 0.478184 -0.0122839 117.289 7.69105e-05 0.0255435 0.999515 -0.1782
0.483329 -0.875446 0.0212427 157.388 0.875436 0.483312 -0.00493096 117.903 -0.0059613 0.0209998 0.999601 -0.179443
0.490652 -0.871463 0.016672 157.698 0.871363 0.490621 -0.00458976 118.452 -0.00419057 0.0167974 0.999687 -0.190839
0.496938 -0.867951 0.0133832 158.01 0.8678 0.496888 -0.00537699 119.015 -0.00199347 0.0143028 0.999731 -0.186971
0.503217 -0.864365 0.010465 158.339 0.864176 0.503166 -0.0053356 119.571 -0.000663924 0.0117443 0.999763 -0.168316
0.508473 -0.861319 0.00695244 158.648 0.861081 0.508384 -0.00948955 120.125 0.00462874 0.0108264 0.999761 -0.117295
0.515123 -0.857382 0.00277386 158.972 0.857096 0.51505 -0.0107117 120.666 0.00774533 0.00790832 0.999767 -0.0986214
0.521464 -0.853544 -0.00138938 159.3 0.853252 0.521438 -0.00822038 121.216 0.00773158 0.00311233 0.999791 -0.0922895
0.526908 -0.85019 0.00276178 159.635 0.849928 0.526869 -0.00602795 121.788 0.00366019 0.00553626 0.999801 -0.094891
0.532269 -0.846807 0.00834162 159.992 0.846588 0.532213 -0.0066825 122.356 0.00120893 0.010634 0.999764 -0.105372
