0.487528 -0.87274 0.0253312 0.693399 0.873031 0.487663 -0.00095341 0.549401 -0.011521 0.0225798 0.999679 0.782934
0.485949 -0.873619 0.025363 1.10766 0.873922 0.486061 -0.00195102 1.30323 -0.0106235 0.0231134 0.999676 0.773899
0.484748 -0.87424 0.0268977 1.49968 0.874592 0.484851 -0.00299699 2.0065 -0.0104213 0.0249773 0.999634 0.776246
0.482686 -0.875368 0.027298 1.89472 0.875724 0.482807 -0.00241494 2.73199 -0.0110657 0.0250712 0.999624 0.768804
0.481778 -0.875811 0.0290765 2.32897 0.876225 0.481889 -0.00352382 3.51559 -0.0109255 0.0271753 0.999571 0.76571
0.480367 -0.876646 0.0271816 2.73787 0.87702 0.480434 -0.00444731 4.28111 -0.00916025 0.0259751 0.999621 0.761988
0.479014 -0.877449 0.0250881 3.14605 0.877779 0.479034 -0.00558316 5.04666 -0.00711912 0.0246962 0.99967 0.763845
0.477495 -0.878391 0.0206701 3.56868 0.878617 0.477501 -0.00494478 5.83388 -0.00552655 0.0205222 0.999774 0.757167
0.476553 -0.87894 0.0190111 3.97579 0.879129 0.476566 -0.00412007 6.60574 -0.00543875 0.0186766 0.999811 0.754412
0.475332 -0.879588 0.0196117 4.39975 0.87978 0.475374 -0.00280151 7.40088 -0.00685873 0.0185857 0.999804 0.753029
0.474132 -0.880201 0.0210973 4.83276 0.880417 0.474194 -0.0022719 8.21297 -0.00800449 0.0196516 0.999775 0.752884
0.473297 -0.88063 0.0218999 5.25462 0.880862 0.473369 -0.00212746 9.01783 -0.00849321 0.0202977 0.999758 0.7566
0.471594 -0.881546 0.0218065 5.67504 0.881783 0.471644 -0.00312974 9.81058 -0.00752588 0.0207045 0.999757 0.752305
0.47074 -0.881991 0.0222633 6.11131 0.882241 0.470785 -0.00350759 10.6389 -0.00738756 0.0212928 0.999746 0.750523
0.470113 -0.882311 0.0228509 6.54621 0.882561 0.470192 -0.00207989 11.4567 -0.00890922 0.0211451 0.999737 0.751287
0.470177 -0.882294 0.0221483 6.97847 0.882487 0.470332 0.00204669 12.2868 -0.0122228 0.0185833 0.999753 0.747226
0.470828 -0.881895 0.0241262 7.41835 0.882082 0.471068 0.00511558 13.1161 -0.0158765 0.0188728 0.999696 0.741655
0.472233 -0.881086 0.0261326 7.86251 0.881274 0.47255 0.00730035 13.9463 -0.0187812 0.0195825 0.999632 0.734768
0.473502 -0.880322 0.0288112 8.30114 0.880573 0.473861 0.0068475 14.783 -0.0196805 0.0221281 0.999561 0.729391
0.472863 -0.880632 0.029778 8.7827 0.880976 0.473151 0.00303601 15.7485 -0.0167631 0.0247981 0.999552 0.691323
0.476558 -0.87868 0.0285204 9.20709 0.879078 0.476666 -0.00330176 16.429 -0.0106935 0.0266452 0.999588 0.711508
0.478579 -0.877805 0.0205045 9.69433 0.877999 0.478661 -0.00103452 17.2929 -0.0089066 0.018498 0.999789 0.71987
0.479131 -0.877627 0.01431 10.1665 0.877703 0.479202 0.00179311 18.1543 -0.00843108 0.0117008 0.999896 0.73192
0.479043 -0.877704 0.0124384 10.6533 0.877712 0.479142 0.00666482 19.0918 -0.0118095 0.00772458 0.9999 0.738905
0.47845 -0.877591 0.0303335 11.0328 0.877974 0.478706 0.00135875 19.8626 -0.0157133 0.025982 0.999539 0.698094
0.477632 -0.877692 0.0390426 11.5388 0.878389 0.477944 -0.00150473 20.7113 -0.0173395 0.0350133 0.999236 0.692224
0.476564 -0.8782 0.0406351 12.0377 0.879049 0.47667 -0.00766296 21.6752 -0.0126399 0.0393721 0.999145 0.690423
0.474666 -0.879616 0.0311129 12.4826 0.880116 0.474721 -0.00608407 22.5808 -0.00941828 0.0302708 0.999497 0.690076
0.470815 -0.881742 0.029394 12.9012 0.882187 0.470865 -0.00565269 23.3715 -0.00885637 0.0285924 0.999552 0.730579
0.470896 -0.881734 0.0283258 13.3777 0.882127 0.471001 -0.00325076 24.2656 -0.0104752 0.0265177 0.999593 0.690645
0.469747 -0.882302 0.0296876 13.8499 0.882717 0.469901 -0.0020088 25.1961 -0.0121779 0.0271494 0.999557 0.662176
0.469525 -0.882187 0.0359409 14.2899 0.882812 0.469712 -0.00357043 26.0201 -0.0137321 0.0334054 0.999348 0.628824
0.46799 -0.883116 0.0330358 14.7773 0.88356 0.468312 0.00230592 26.8584 -0.0175075 0.02811 0.999451 0.644016
0.469182 -0.882406 0.035041 15.2499 0.882854 0.469621 0.00505507 27.7621 -0.0209166 0.0285643 0.999373 0.645185
0.468102 -0.883082 0.03234 15.7349 0.883388 0.468568 0.00830055 28.6728 -0.0224836 0.0246833 0.999442 0.61069
0.467606 -0.883403 0.0307315 16.2023 0.88374 0.467953 0.00483655 29.6258 -0.0186535 0.0248971 0.999516 0.582951
0.468208 -0.8829 0.0356038 16.617 0.883358 0.468667 0.0053609 30.4372 -0.0214195 0.0289409 0.999352 0.556628
0.467644 -0.883241 0.0345532 17.0767 0.883706 0.468029 0.00353569 31.318 -0.0192948 0.0288815 0.999397 0.519854
0.468003 -0.883198 0.0305638 17.592 0.883567 0.468297 0.00284816 32.2804 -0.0168284 0.0256722 0.999529 0.552817
0.466186 -0.884222 0.0286732 18.0061 0.884467 0.466548 0.0071702 33.0952 -0.0197175 0.0220179 0.999563 0.565715
0.466456 -0.883807 0.0360977 18.4194 0.884295 0.466905 0.00467557 33.897 -0.0209865 0.0297401 0.999337 0.531291
0.46629 -0.883832 0.0376102 18.8552 0.884411 0.466702 0.00249462 34.7658 -0.0197576 0.0320996 0.999289 0.486612
0.46652 -0.884009 0.0297995 19.3442 0.884407 0.466716 -0.000407125 35.6968 -0.013548 0.0265448 0.999556 0.510589
0.466326 -0.884294 0.0237348 19.8669 0.884539 0.466465 0.000355956 36.659 -0.0113862 0.0208284 0.999718 0.543415
0.464657 -0.885111 0.0259086 20.2845 0.8854 0.46483 0.000729228 37.4953 -0.0126885 0.0226006 0.999664 0.546581
0.462962 -0.885909 0.0288474 20.6885 0.886229 0.463236 0.00328133 38.3195 -0.0162701 0.0240463 0.999578 0.540928
0.463747 -0.885289 0.0346752 21.1622 0.885759 0.464132 0.0035564 39.2257 -0.0192423 0.0290646 0.999392 0.507167
0.464156 -0.885198 0.031353 21.6298 0.885552 0.464514 0.00488388 40.1227 -0.0188871 0.0254979 0.999496 0.516027
0.464479 -0.884933 0.0339668 22.0543 0.885418 0.464793 0.0015535 40.8324 -0.0171623 0.0293533 0.999422 0.509279
0.462158 -0.886 0.0376032 22.4867 0.886615 0.462507 0.000662287 41.7315 -0.0179785 0.0330335 0.999292 0.49677
0.463104 -0.885236 0.0434876 22.9526 0.88596 0.463734 0.00511399 42.5661 -0.0246938 0.0361599 0.999041 0.473716
0.461599 -0.885703 0.0495614 23.4134 0.886729 0.462282 0.00265072 43.4612 -0.0252591 0.0427239 0.998768 0.507574
0.46014 -0.886369 0.0512003 23.8674 0.887408 0.46096 0.00485487 44.231 -0.0279045 0.0432017 0.998677 0.510361
0.460088 -0.886694 0.0457527 24.2609 0.887459 0.460836 0.00678601 45.0637 -0.0271016 0.0374815 0.99893 0.486348
0.458654 -0.887342 0.0475382 24.6798 0.888343 0.459181 0.000192099 45.9315 -0.0219991 0.0421421 0.998869 0.458173
0.457565 -0.888364 0.038001 25.1249 0.889067 0.457761 -0.0038653 46.7465 -0.0139616 0.035554 0.99927 0.441933
0.456284 -0.889326 0.0300707 25.4948 0.889743 0.45646 -0.00112458 47.5425 -0.012726 0.0272683 0.999547 0.442353
0.457085 -0.889084 0.0245701 25.9527 0.889293 0.457316 0.00444888 48.4501 -0.0151917 0.0198165 0.999688 0.428738
0.455657 -0.889788 0.0255694 26.305 0.889979 0.45595 0.00681998 49.1325 -0.0177267 0.0196487 0.99965 0.441112
0.454455 -0.889996 0.0371277 26.6604 0.890578 0.454826 0.00176514 49.9367 -0.0184576 0.0322629 0.999309 0.404316
0.454024 -0.890436 0.031413 27.1252 0.89079 0.454386 0.00513551 50.8507 -0.0188464 0.0256507 0.999493 0.402162
0.452065 -0.891373 0.0330311 27.4685 0.891782 0.452442 0.00458195 51.5143 -0.0190289 0.0273852 0.999444 0.413206
0.450804 -0.8919 0.0359147 27.8604 0.892401 0.451224 0.00413618 52.2814 -0.0198946 0.0301857 0.999346 0.389214
0.449753 -0.892517 0.0337119 28.2161 0.892879 0.450229 0.00777668 52.9535 -0.0221189 0.0266031 0.999401 0.409367
0.448838 -0.892901 0.0356724 28.5553 0.893306 0.449373 0.00830246 53.617 -0.0234435 0.0281399 0.999329 0.411125
0.447983 -0.893362 0.0348575 28.9015 0.893649 0.448602 0.0121518 54.3423 -0.0264931 0.0257066 0.999318 0.437907
0.446274 -0.894198 0.0353543 29.2538 0.894464 0.446938 0.0134153 55.0606 -0.0277971 0.0256363 0.999285 0.442863
0.444749 -0.89491 0.0365156 29.6096 0.89528 0.445373 0.0107717 55.8359 -0.0259027 0.027901 0.999275 0.42347
0.443963 -0.895407 0.0338043 29.9015 0.895819 0.444383 0.00573557 56.4161 -0.0201577 0.0277362 0.999412 0.394672
0.442656 -0.896272 0.0274337 30.2444 0.896603 0.442835 0.000478715 57.1403 -0.0125776 0.0243852 0.999623 0.39778
0.442281 -0.896515 0.025469 30.5116 0.896819 0.442397 -0.00117832 57.7537 -0.010211 0.0233622 0.999675 0.410924
0.441773 -0.896738 0.0264278 30.8058 0.897038 0.441953 0.00107134 58.3255 -0.0126405 0.0232334 0.99965 0.385584
0.439489 -0.897728 0.0305564 31.0711 0.898135 0.43972 0.000932885 58.9948 -0.0142737 0.0270337 0.999533 0.437728
0.438528 -0.898124 0.0326648 31.3592 0.898623 0.438719 -0.00145486 59.589 -0.013024 0.0299914 0.999465 0.431855
0.438922 -0.897949 0.0321771 31.6121 0.89848 0.438977 -0.00571482 60.0662 -0.0089934 0.0314189 0.999466 0.38952
0.440728 -0.897072 0.0319499 31.9314 0.897628 0.440629 -0.0104424 60.631 -0.00471048 0.0332814 0.999435 0.409031
0.44281 -0.896271 0.0248578 32.1569 0.89661 0.44273 -0.00892737 61.1223 -0.00300396 0.0262409 0.999651 0.448059
0.446448 -0.894633 0.0177959 32.3994 0.894797 0.446458 -0.00365485 61.6101 -0.00467535 0.0175554 0.999835 0.461665
0.451039 -0.892265 0.02066 32.6797 0.892466 0.451112 -0.00122458 62.0971 -0.00822734 0.0189907 0.999786 0.438399
0.45678 -0.889232 0.0248892 32.9442 0.889505 0.456926 0.000211324 62.6294 -0.0115604 0.0220425 0.99969 0.468412
0.461602 -0.886375 0.0355316 33.2332 0.886951 0.461863 -0.000962213 63.0182 -0.0155578 0.0319589 0.999368 0.447834
0.470752 -0.881666 0.0325359 33.4645 0.882073 0.471099 0.00349922 63.5278 -0.0184128 0.0270518 0.999464 0.483117
0.482712 -0.875349 0.0274425 33.6755 0.875611 0.482996 0.00442114 63.9986 -0.0171246 0.0218948 0.999614 0.485512
0.500359 -0.865579 0.0203387 33.893 0.865653 0.500585 0.0077671 64.3738 -0.0169043 0.0137199 0.999763 0.499734
0.517987 -0.855131 0.0209647 34.1588 0.855162 0.518258 0.0102824 64.7736 -0.0196579 0.0126021 0.999727 0.491812
0.539468 -0.841676 0.0235616 34.471 0.841719 0.539804 0.0110159 65.1904 -0.0219904 0.0138895 0.999662 0.486441
0.561481 -0.827033 0.0274711 34.7627 0.82717 0.561877 0.00913063 65.5417 -0.0229867 0.0175966 0.999581 0.482753
0.587886 -0.808259 0.0332927 35.0273 0.808532 0.588402 0.00771865 65.848 -0.0258282 0.0223805 0.999416 0.47392
0.614928 -0.787756 0.0361118 35.4014 0.788096 0.615513 0.00696071 66.265 -0.0277106 0.0241792 0.999323 0.496926
0.648339 -0.760364 0.0387778 35.6018 0.760695 0.649054 0.00848732 66.479 -0.0316223 0.0239954 0.999212 0.527285
0.684087 -0.728376 0.038651 35.8991 0.728602 0.684857 0.0105142 66.8154 -0.0341287 0.0209686 0.999197 0.472335
0.722701 -0.690112 0.0380478 36.0621 0.690295 0.723456 0.0102257 67.1017 -0.0345828 0.0188741 0.999224 0.422682
0.761314 -0.647223 0.0387759 36.3518 0.647391 0.762096 0.00975851 67.3664 -0.0358669 0.0176739 0.9992 0.45089
0.797249 -0.602421 0.0385105 36.6681 0.602577 0.798013 0.00872231 67.5762 -0.0359864 0.0162517 0.99922 0.430177
0.834252 -0.550144 0.0369457 36.9577 0.550236 0.834965 0.0085408 67.9359 -0.035547 0.0132037 0.999281 0.421123
0.867508 -0.496147 0.0356128 37.3798 0.49622 0.868165 0.00738566 68.0051 -0.0345822 0.0112647 0.999338 0.389516
0.898811 -0.437034 0.0337683 37.7447 0.437022 0.899414 0.00813789 68.2454 -0.0339283 0.00744308 0.999397 0.371368
0.924866 -0.378753 0.0341918 38.1127 0.378782 0.925467 0.00589085 68.3596 -0.0338745 0.00750296 0.999398 0.366029
0.946824 -0.319629 0.0369011 38.495 0.319628 0.947524 0.00608637 68.5266 -0.0369101 0.0060319 0.9993 0.351298
0.965668 -0.256802 0.0392071 38.8378 0.256759 0.966455 0.00622853 68.5577 -0.0394914 0.00405207 0.999212 0.363027
0.97941 -0.198134 0.0387175 39.2491 0.197949 0.980175 0.00860527 68.606 -0.0396549 -0.000764004 0.999213 0.348199
0.98997 -0.13591 0.0385829 39.6256 0.135734 0.990719 0.00715471 68.587 -0.0391972 -0.00184592 0.99923 0.312588
0.996213 -0.0778207 0.0387835 40.0345 0.0778021 0.996967 0.00199231 68.6873 -0.0388209 0.00103268 0.999246 0.343255
0.998962 -0.0197352 0.0410655 40.3156 0.0195628 0.999798 0.00459655 68.5507 -0.0411479 -0.00378842 0.999146 0.324423
0.998543 0.0374351 0.0388538 40.7073 -0.0377122 0.999268 0.0064223 68.5034 -0.0385849 -0.00787821 0.999224 0.330064
0.995639 0.0862366 0.0355928 41.0914 -0.0865159 0.99623 0.00637805 68.5882 -0.0349086 -0.00942958 0.999346 0.270829
0.98976 0.138686 0.0337912 41.4474 -0.138831 0.990314 0.00195883 68.5589 -0.0331923 -0.00663003 0.999427 0.165066
0.982993 0.180431 0.0341884 41.7806 -0.1801 0.983568 -0.0125579 68.3348 -0.0358924 0.00618702 0.999336 0.176699
0.975202 0.217955 0.0384232 42.2034 -0.2174 0.975914 -0.0181439 68.2092 -0.0414523 0.00934078 0.999097 0.139768
0.966974 0.252206 0.0367933 42.6228 -0.251875 0.967666 -0.0134373 68.2793 -0.0389927 0.00372617 0.999233 0.209333
0.958789 0.28219 0.0330608 43.0088 -0.282218 0.959342 -0.00390965 68.1005 -0.0328199 -0.00558184 0.999446 0.286188
0.950152 0.310159 0.0318268 43.4091 -0.310475 0.950566 0.00537851 68.0223 -0.0285853 -0.0149918 0.999479 0.233406
0.941804 0.334929 0.0287688 43.7803 -0.335215 0.942125 0.00563424 67.865 -0.0252167 -0.0149501 0.99957 0.228194
0.933443 0.357994 0.0229033 44.1717 -0.358044 0.933702 -0.00200418 67.6853 -0.0221023 -0.00632959 0.999736 0.232089
0.92591 0.377446 0.0149853 44.581 -0.377399 0.926032 -0.00592002 67.5009 -0.0161114 -0.000174051 0.99987 0.201873
0.9195 0.392929 0.0112416 44.8986 -0.392897 0.919569 -0.0050384 67.2827 -0.0123172 0.000216001 0.999924 0.225359
0.91209 0.409795 0.0126275 45.2918 -0.409777 0.912177 -0.00413386 67.0847 -0.0132125 -0.00140399 0.999912 0.215615
0.905046 0.425083 0.0140104 45.8168 -0.42509 0.905147 -0.00259806 66.9632 -0.0137859 -0.00360432 0.999898 0.20538
0.898398 0.438803 0.0182214 46.1787 -0.438848 0.89856 -0.00167932 66.8015 -0.0171099 -0.00648772 0.999833 0.185114
0.893059 0.449678 0.0153461 46.6792 -0.449607 0.893191 -0.00800249 66.5475 -0.0173056 0.000246956 0.99985 0.203265
0.888321 0.458908 0.0170255 47.0963 -0.458886 0.888479 -0.00539304 66.2842 -0.0176017 -0.00302199 0.99984 0.172828
0.884004 0.467211 0.0158318 47.4062 -0.467109 0.884145 -0.00981016 66.0049 -0.018581 0.00127703 0.999826 0.154052
0.879732 0.475197 0.0160933 47.9598 -0.475189 0.879872 -0.00456151 65.7546 -0.0163277 -0.00363447 0.99986 0.112078
0.87646 0.481211 0.0158953 48.499 -0.481159 0.876604 -0.00722558 65.5463 -0.0174109 -0.00131524 0.999847 0.129956
0.874221 0.485429 0.00979968 48.9307 -0.485324 0.874261 -0.0113563 65.2905 -0.0140802 0.00517193 0.999887 0.111023
0.871658 0.489862 0.0157139 49.3981 -0.489855 0.871792 -0.00459152 65.0111 -0.0159485 -0.0036953 0.999866 0.0895535
0.867912 0.496373 0.0184932 49.958 -0.496457 0.868062 -9.87758e-05 64.6899 -0.0161023 -0.00909535 0.999829 0.108188
0.867251 0.497656 0.0146261 50.4633 -0.497579 0.867374 -0.00875758 64.3859 -0.0170446 0.000317362 0.999855 0.0583097
0.865324 0.5011 0.0106383 51.0178 -0.500995 0.865379 -0.0110883 64.0989 -0.0147625 0.00426524 0.999882 0.0528729
0.864216 0.503017 0.0102391 51.6159 -0.50288 0.864253 -0.0133791 63.7357 -0.0155791 0.00641336 0.999858 0.0646026
0.863499 0.504234 0.0108122 52.1561 -0.504108 0.863551 -0.0124448 63.4106 -0.015612 0.00529554 0.999864 0.037043
0.864229 0.503 0.00991977 52.7863 -0.502892 0.864272 -0.0115944 63.0234 -0.0144054 0.00503164 0.999884 0.0394641
0.864557 0.502493 0.00653424 53.3256 -0.502364 0.864529 -0.0148472 62.7063 -0.0131096 0.00955365 0.999868 0.0123483
0.866887 0.498444 0.00778445 54.044 -0.498313 0.866881 -0.0142335 62.2964 -0.0138428 0.00845978 0.999868 -0.0181676
0.868826 0.495072 0.00667737 54.6578 -0.494937 0.868795 -0.0152069 61.9552 -0.0133298 0.00990724 0.999862 -0.0421661
0.871249 0.490827 0.0036739 55.3278 -0.490636 0.871078 -0.02234 61.574 -0.0141653 0.0176612 0.999744 -0.0373338
0.873394 0.486989 0.00501505 56.0187 -0.486765 0.87323 -0.023001 61.2422 -0.0155805 0.0176478 0.999723 -0.0444575
0.874674 0.484619 0.00946971 56.7508 -0.484439 0.87467 -0.0164539 60.8354 -0.0162567 0.00980431 0.99982 -0.0345686
0.877635 0.479147 0.0132405 57.4657 -0.478997 0.87772 -0.0129937 60.4795 -0.0178473 0.00506157 0.999828 -0.0377877
0.879743 0.475299 0.0119449 58.1771 -0.475196 0.879817 -0.0105767 60.0909 -0.0155365 0.00362861 0.999873 -0.0402425
0.881452 0.47221 0.00770034 58.9078 -0.472076 0.881438 -0.0145083 59.683 -0.0136384 0.00915323 0.999865 -0.0558467
0.882511 0.470273 0.00419515 59.6034 -0.470152 0.882431 -0.0165266 59.3273 -0.0114739 0.0126125 0.999855 -0.0592986
0.881835 0.471551 0.00272451 60.3499 -0.471459 0.881752 -0.0154891 58.9022 -0.00970623 0.0123743 0.999876 -0.0156654
0.881953 0.471273 0.00776783 61.1285 -0.471266 0.881987 -0.00276994 58.4897 -0.00815652 -0.00121776 0.999966 -0.0841368
0.882119 0.470884 0.0116042 61.8255 -0.470929 0.88217 0.00133377 58.154 -0.00960882 -0.0066413 0.999932 -0.0776907
0.881626 0.47176 0.0133097 62.4904 -0.471819 0.881694 0.00147774 57.7887 -0.011038 -0.00758259 0.99991 -0.0999123
0.88242 0.470238 0.0145067 63.2361 -0.470338 0.882476 0.00427501 57.3358 -0.0107915 -0.0105954 0.999886 -0.109287
0.881885 0.471184 0.0162894 64.016 -0.471332 0.88193 0.0067157 57.0559 -0.0112018 -0.0136002 0.999845 -0.0850406
0.881867 0.471301 0.0136492 64.6904 -0.47136 0.88194 0.00128129 56.6221 -0.0114339 -0.00756361 0.999906 -0.0677031
0.881514 0.471828 0.0176756 65.4307 -0.472017 0.881549 0.00849058 56.2474 -0.0115758 -0.0158277 0.999808 -0.0693914
0.880129 0.474454 0.016293 66.1338 -0.474597 0.880181 0.00622368 55.8845 -0.0113879 -0.0132102 0.999848 -0.0623743
0.8782 0.477843 0.0207544 66.843 -0.478122 0.87822 0.0113781 55.4599 -0.01279 -0.0199154 0.99972 -0.0881634
0.87593 0.482058 0.0191755 67.5287 -0.482231 0.876027 0.00549561 55.1235 -0.014149 -0.0140608 0.999801 -0.0719014
0.873071 0.48709 0.0221412 68.2868 -0.487386 0.873123 0.0105296 54.715 -0.0142031 -0.0199844 0.999699 -0.0486677
0.869905 0.492471 0.0271682 68.9873 -0.492977 0.869884 0.0165808 54.3184 -0.0154676 -0.027817 0.999493 -0.0852406
0.865811 0.499707 0.0257613 69.6422 -0.500173 0.865768 0.0165216 53.9807 -0.0140474 -0.0271897 0.999532 -0.0781346
0.8607 0.508728 0.0197778 70.35 -0.50892 0.860793 0.00598802 53.4893 -0.0139783 -0.0152192 0.999786 -0.066746
0.856041 0.516527 0.0198422 70.9713 -0.516725 0.856129 0.00625091 53.122 -0.0137587 -0.015604 0.999784 -0.0904413
0.849947 0.526363 0.0230849 71.6611 -0.526669 0.850015 0.00972393 52.6677 -0.0145042 -0.0204229 0.999686 -0.0860749
0.84403 0.535743 0.024342 72.3639 -0.536088 0.844097 0.0104968 52.2402 -0.0149234 -0.021909 0.999649 -0.0852515
0.839244 0.54324 0.0236643 72.9987 -0.543549 0.839329 0.00900424 51.8275 -0.0149707 -0.0204195 0.999679 -0.100532
0.833395 0.552243 0.0219114 73.711 -0.552494 0.833486 0.00723531 51.3846 -0.0142672 -0.0181358 0.999734 -0.0717433
0.825374 0.564205 0.0207447 74.3147 -0.564427 0.825457 0.00656283 50.9771 -0.013421 -0.0171256 0.999763 -0.0919517
0.819355 0.572929 0.0202427 74.9349 -0.573157 0.81941 0.0076732 50.5345 -0.0121908 -0.0178893 0.999766 -0.0976672
0.814822 0.579348 0.0204999 75.5833 -0.579602 0.814846 0.00941771 50.0499 -0.0112481 -0.0195555 0.999745 -0.105381
0.809523 0.586715 0.0208974 76.255 -0.586993 0.809519 0.0108661 49.5587 -0.0105416 -0.021063 0.999723 -0.0748619
0.803905 0.594212 0.0254779 76.7598 -0.594683 0.803747 0.0185296 49.1692 -0.00946725 -0.0300473 0.999504 -0.080087
0.798974 0.600517 0.031929 77.3562 -0.601288 0.798598 0.0263477 48.6654 -0.00967616 -0.0402497 0.999143 -0.0962169
0.793098 0.608631 0.0237511 78.0424 -0.608975 0.79311 0.0111762 48.2412 -0.012035 -0.0233277 0.999655 -0.0458265
0.788999 0.613818 0.0265959 78.6333 -0.614234 0.789042 0.0113439 47.8347 -0.0140222 -0.0252865 0.999582 -0.0691906
0.788524 0.61459 0.0225786 79.2257 -0.614845 0.788623 0.00621219 47.2993 -0.0139881 -0.0187808 0.999726 -0.0230702
0.786383 0.617228 0.0251223 79.6799 -0.617488 0.786572 0.00349164 46.9686 -0.0176054 -0.0182585 0.999678 -0.070589
0.784505 0.619557 0.0264954 80.2733 -0.619909 0.784641 0.00724428 46.5121 -0.0163011 -0.0221079 0.999623 -0.0511435
0.784627 0.619522 0.023517 80.7695 -0.619804 0.784728 0.0067276 46.137 -0.0142866 -0.0198546 0.999701 -0.0297435
0.784306 0.619887 0.0245915 81.3287 -0.620211 0.784392 0.00816605 45.7199 -0.0142274 -0.0216566 0.999664 -0.0651963
0.786461 0.617369 0.0183047 81.814 -0.617511 0.786557 0.00289263 45.339 -0.0126118 -0.0135783 0.999828 -0.0297406
0.78906 0.614071 0.0173432 82.3309 -0.614185 0.78916 0.00164081 44.9479 -0.012679 -0.0119466 0.999848 -0.0199288
0.793145 0.608806 0.0166164 82.8347 -0.608944 0.7932 0.00460408 44.5715 -0.0103772 -0.0137702 0.999851 -0.0140513
0.800103 0.599657 0.0157184 83.2904 -0.599746 0.800189 0.00122404 44.2203 -0.0118437 -0.0104064 0.999876 -0.0362722
0.808212 0.588634 0.0173919 83.8118 -0.588781 0.80828 0.00450808 43.9067 -0.0114039 -0.0138835 0.999839 -0.00130275
0.8164 0.577238 0.0169533 84.2254 -0.577362 0.816482 0.00319116 43.7022 -0.012 -0.0123934 0.999851 -0.0429273
0.82707 0.561902 0.0148912 84.7379 -0.562024 0.827103 0.00554679 43.3395 -0.00919982 -0.0129568 0.999874 -0.0142936
0.841358 0.540309 0.0135441 85.1527 -0.540435 0.841343 0.00843739 43.0547 -0.00683641 -0.0144185 0.999873 -0.026353
0.856506 0.515971 0.0130506 85.6523 -0.516112 0.856438 0.0119067 42.8645 -0.00503351 -0.0169337 0.999844 0.0126145
0.872496 0.488445 0.0131168 86.1128 -0.488593 0.87242 0.0126893 42.6099 -0.0052454 -0.0174801 0.999833 -0.0187753
0.889297 0.45709 0.0147909 86.6364 -0.457269 0.88924 0.0125023 42.3951 -0.00743794 -0.0178817 0.999812 -0.0373606
0.907791 0.419171 0.0145048 87.1256 -0.419298 0.907821 0.00706941 42.1981 -0.0102045 -0.0124994 0.99987 -0.0543205
0.927836 0.372544 0.0181814 87.4997 -0.37272 0.927915 0.00738436 41.9974 -0.0141198 -0.0136281 0.999807 -0.0393443
0.944442 0.327786 0.0241899 88.0402 -0.328167 0.944519 0.0138163 41.8232 -0.018319 -0.020987 0.999612 -0.0789119
0.959672 0.279794 0.0273012 88.5143 -0.280233 0.959833 0.0137699 41.8053 -0.0223518 -0.0208653 0.999532 -0.0884973
0.97372 0.225992 0.0282287 89.0608 -0.226465 0.973907 0.0148176 41.7694 -0.0241435 -0.020821 0.999492 -0.0863688
0.985315 0.168752 0.0260108 89.5226 -0.169122 0.985512 0.0127607 41.7662 -0.0234806 -0.0169723 0.99958 -0.063686
0.994449 0.103109 0.0209485 89.9962 -0.103353 0.994585 0.0109426 41.6947 -0.0197067 -0.013047 0.999721 -0.0800819
0.999215 0.0365263 0.0153468 90.4833 -0.0366747 0.999282 0.00950225 41.7841 -0.0149887 -0.0100576 0.999837 -0.0507055
0.999354 -0.0333622 0.0133934 91.0194 0.0332474 0.999409 0.00869963 41.7504 -0.0136757 -0.00824871 0.999872 -0.0882924
0.994586 -0.103553 0.0086954 91.4177 0.10347 0.994587 0.0095042 41.9022 -0.00963253 -0.00855304 0.999917 -0.065672
0.985255 -0.170902 0.00812465 91.8712 0.170815 0.985248 0.010413 42.0164 -0.0097844 -0.00887167 0.999913 -0.0734031
0.971167 -0.238257 0.00819403 92.3899 0.238204 0.97119 0.0070251 42.1595 -0.00963174 -0.0048707 0.999942 -0.0797954
0.952236 -0.305201 0.0099573 92.794 0.30517 0.952287 0.0045692 42.3042 -0.0108767 -0.00131229 0.99994 -0.0797198
0.92917 -0.36937 0.0144533 93.2227 0.369305 0.929282 0.0070134 42.4818 -0.0160217 -0.00117896 0.999871 -0.0914259
0.902084 -0.431153 0.0187326 93.692 0.431045 0.902279 0.00969049 42.7565 -0.0210801 -0.000667072 0.999778 -0.0603813
0.873358 -0.486555 0.0225643 94.0552 0.486442 0.873648 0.0106469 43.0045 -0.0248936 0.00167765 0.999689 -0.0980648
0.843618 -0.536167 0.0288746 94.3912 0.535958 0.844108 0.0151946 43.2192 -0.0325201 0.00265716 0.999468 -0.0801797
0.814855 -0.578851 0.0307229 94.7948 0.578465 0.815433 0.0211227 43.497 -0.0372794 0.000560196 0.999305 -0.120428
0.787871 -0.615269 0.0265151 95.0886 0.614717 0.788304 0.0264668 43.8106 -0.0371862 -0.00455308 0.999298 -0.100496
0.763643 -0.645258 0.0221601 95.4644 0.644729 0.763939 0.0268799 44.1599 -0.0342734 -0.0062394 0.999393 -0.0945815
0.743118 -0.668802 0.0218907 95.7606 0.668257 0.743417 0.0276573 44.3748 -0.0347712 -0.00592401 0.999378 -0.186334
0.725376 -0.688016 0.0215177 96.1107 0.687596 0.72569 0.0242022 44.7296 -0.0322666 -0.00276021 0.999475 -0.165911
0.713299 -0.700444 0.0241441 96.4443 0.700171 0.713702 0.0197399 44.9785 -0.0310584 0.00282458 0.999514 -0.194251
0.703464 -0.710358 0.0230017 96.8777 0.709882 0.703837 0.0260926 45.437 -0.0347245 -0.00202671 0.999395 -0.188952
0.69689 -0.716846 0.0217977 97.1657 0.716286 0.697218 0.0286673 45.7765 -0.0357479 -0.00436457 0.999351 -0.227098
0.693673 -0.720115 0.0158512 97.4865 0.719615 0.693808 0.0280248 46.1718 -0.0311788 -0.00803326 0.999482 -0.19437
0.692127 -0.721733 0.00783427 97.8788 0.721267 0.692006 0.0300366 46.585 -0.0270998 -0.0151386 0.999518 -0.229734
0.691743 -0.722141 0.00197157 98.2056 0.721725 0.691432 0.0321501 46.9591 -0.0245801 -0.0208166 0.999481 -0.249318
0.693775 -0.720179 0.00430186 98.6159 0.719841 0.693611 0.0270709 47.3857 -0.0224797 -0.0156845 0.999624 -0.250319
0.696599 -0.71746 0.000948342 98.9606 0.717311 0.696481 0.019488 47.7065 -0.0146423 -0.012895 0.99981 -0.192587
0.698926 -0.715194 -0.000615748 99.4895 0.715129 0.69885 0.0141107 48.1343 -0.00966158 -0.0103027 0.9999 -0.195718
0.703283 -0.710897 -0.00432481 99.8804 0.710824 0.703091 0.0198046 48.5767 -0.0110383 -0.0170024 0.999794 -0.206099
0.707577 -0.70659 -0.00808531 100.228 0.706532 0.707229 0.0252826 49.0177 -0.0121463 -0.0236019 0.999648 -0.226479
0.711232 -0.702955 -0.0018827 100.724 0.702753 0.710957 0.0260329 49.5236 -0.0169615 -0.0198385 0.999659 -0.22969
0.712994 -0.701165 0.00289812 101.141 0.700762 0.712713 0.0311784 49.833 -0.0239268 -0.0201991 0.99951 -0.298158
0.715111 -0.698946 0.0095203 101.731 0.698372 0.714973 0.0330058 50.4283 -0.029876 -0.0169541 0.99941 -0.332656
0.717638 -0.69627 0.0142526 102.081 0.695805 0.717716 0.0272007 50.7635 -0.0291683 -0.00960326 0.999528 -0.28715
0.717618 -0.696169 0.0193028 102.674 0.695874 0.717877 0.0203194 51.3302 -0.0280028 -0.00114932 0.999607 -0.305954
0.717529 -0.69639 0.0138943 103.106 0.696184 0.717659 0.0171197 51.7374 -0.0218933 -0.00261091 0.999757 -0.3339
0.717361 -0.69666 0.00764092 103.613 0.696553 0.717391 0.0128082 52.232 -0.0144045 -0.00386581 0.999889 -0.301939
0.715723 -0.69838 -0.00223884 104.108 0.698339 0.715637 0.0136673 52.736 -0.00794276 -0.0113455 0.999904 -0.270661
0.713172 -0.700964 0.00582009 104.628 0.700921 0.713194 0.00800483 53.2638 -0.00976196 -0.00162941 0.999951 -0.239318
0.712749 -0.701334 0.0109312 105.157 0.701228 0.712832 0.0122109 53.8288 -0.016356 -0.00103806 0.999866 -0.258809
0.7103 -0.703753 0.0143334 105.642 0.703371 0.710408 0.0242901 54.2896 -0.0272768 -0.00717158 0.999602 -0.412865
0.709065 -0.704819 0.0213899 106.187 0.704638 0.709379 0.0163378 54.8971 -0.0266888 0.00348756 0.999638 -0.398306
0.707863 -0.706175 0.0157215 106.697 0.705988 0.708037 0.0162847 55.4035 -0.0226313 -0.000428149 0.999744 -0.399133
0.705738 -0.708415 0.00907066 107.256 0.708282 0.705787 0.0142041 55.9744 -0.0164643 -0.00359976 0.999858 -0.396111
0.70234 -0.711803 0.00734552 107.77 0.711717 0.702373 0.0114644 56.5386 -0.0133197 -0.002824 0.999907 -0.371388
0.699299 -0.714813 0.00489844 108.334 0.714654 0.699263 0.0173335 57.0523 -0.0158155 -0.00862063 0.999838 -0.439016
0.696668 -0.717378 0.00473107 108.882 0.717203 0.69662 0.0184377 57.5985 -0.0165226 -0.00945183 0.999819 -0.470563
0.694937 -0.719015 0.00892929 109.455 0.718782 0.694956 0.0196946 58.2257 -0.0203662 -0.00726827 0.999766 -0.500706
0.694845 -0.719091 0.0099747 109.998 0.718682 0.694822 0.0268194 58.7768 -0.0262162 -0.0114667 0.999591 -0.636902
0.69359 -0.720277 0.0115587 110.628 0.719863 0.693614 0.0263971 59.417 -0.0270305 -0.00998809 0.999585 -0.626678
0.692991 -0.720897 0.0083726 111.184 0.720402 0.692872 0.030806 59.9631 -0.0280091 -0.0153166 0.99949 -0.684329
0.693647 -0.720277 0.0074292 111.741 0.719865 0.693541 0.0282001 60.5861 -0.0254643 -0.0142129 0.999575 -0.666898
0.694141 -0.719736 -0.0121866 112.361 0.719542 0.693269 0.0404612 61.2281 -0.0206728 -0.0368545 0.999107 -0.689663
0.694904 -0.719034 -0.00994323 112.922 0.718821 0.694178 0.0375947 61.8308 -0.0201295 -0.0332721 0.999244 -0.656258
0.696182 -0.717595 -0.0197008 113.494 0.717623 0.694972 0.0450689 62.417 -0.0186497 -0.045514 0.99879 -0.625817
0.697889 -0.715896 -0.0210684 114.13 0.715921 0.69648 0.0487042 63.099 -0.0201935 -0.0490734 0.998591 -0.681659
0.699974 -0.714106 -0.00945593 114.742 0.713936 0.699348 0.0347423 63.6994 -0.0181967 -0.0310696 0.999352 -0.586719
0.701282 -0.712882 -0.00144776 115.314 0.712706 0.701061 0.0237306 64.2501 -0.0159021 -0.0176737 0.999717 -0.527722
0.701792 -0.712328 0.0086997 115.933 0.7122 0.701837 0.0140165 64.8983 -0.0160901 -0.00364075 0.999864 -0.500958
0.702628 -0.711415 0.0142242 116.512 0.711407 0.70275 0.00650661 65.509 -0.014625 0.00554748 0.999878 -0.520748
0.703233 -0.710896 0.00948766 117.113 0.710707 0.703276 0.0172609 66.1405 -0.0189431 -0.00539547 0.999806 -0.645672
0.70452 -0.709667 0.0049292 117.725 0.709292 0.704344 0.0283628 66.7509 -0.0236 -0.0164859 0.999586 -0.743281
0.706956 -0.707235 -0.00557023 118.35 0.706788 0.706178 0.0420015 67.3492 -0.0257714 -0.0336302 0.999102 -0.787346
0.707221 -0.706991 -0.00152627 118.937 0.706345 0.706479 0.0443066 67.9549 -0.0302461 -0.0324127 0.999017 -0.791594
0.70693 -0.707284 -0.000572769 119.516 0.706746 0.70636 0.0395687 68.5863 -0.0275817 -0.0283771 0.999217 -0.90057
0.707656 -0.706376 -0.0159942 120.097 0.706537 0.707284 0.0235543 69.1652 -0.00532573 -0.0279688 0.999595 -0.756914
0.70782 -0.706262 -0.013586 120.72 0.706386 0.707598 0.017991 69.7826 -0.00309291 -0.0223313 0.999746 -0.754739
0.706691 -0.707465 -0.00903013 121.311 0.707499 0.706506 0.0171464 70.3773 -0.00575062 -0.018506 0.999812 -0.690273
0.70695 -0.707244 -0.00531829 122.007 0.707134 0.706656 0.0244498 71.0219 -0.0135338 -0.0210455 0.999687 -0.601696
0.705101 -0.709091 0.00474102 122.628 0.70878 0.704964 0.0256151 71.6807 -0.0215057 -0.0147009 0.999661 -0.707669
0.704451 -0.70967 0.010776 123.163 0.709075 0.704361 0.0329868 72.2305 -0.0309999 -0.0155966 0.999398 -0.847824
0.704105 -0.709981 0.0127566 123.661 0.709466 0.704123 0.0294601 72.7432 -0.0298984 -0.0116926 0.999485 -0.914002
0.701993 -0.712079 0.0121766 124.286 0.71195 0.702098 0.0135995 73.3768 -0.0182331 -0.00087766 0.999833 -0.791456
0.701431 -0.712713 0.00579627 124.901 0.71269 0.701455 0.00576555 73.9906 -0.00817501 8.68086e-05 0.999967 -0.597723
0.699688 -0.714447 -0.00148864 125.474 0.714433 0.699658 0.00797047 74.5976 -0.00465293 -0.00664038 0.999967 -0.646511
0.697738 -0.716353 -0.000463875 126.13 0.716341 0.697723 0.0060867 75.3033 -0.00403657 -0.00457922 0.999981 -0.626403
0.69398 -0.719994 0.000856074 126.607 0.719977 0.693972 0.0059806 75.8022 -0.00490009 -0.00353407 0.999982 -0.646345
0.691151 -0.72271 0.000204237 127.184 0.722693 0.691137 0.0066155 76.3865 -0.00492225 -0.00442471 0.999978 -0.632132
0.689259 -0.724486 -0.00643026 127.727 0.724497 0.689153 0.0130999 76.9991 -0.00505925 -0.0136879 0.999893 -0.626441
0.688748 -0.724921 -0.0107908 128.269 0.724979 0.688534 0.0180807 77.5861 -0.00567729 -0.0202761 0.999778 -0.61098
0.687595 -0.726061 -0.00698624 128.845 0.726023 0.68736 0.0206562 78.2044 -0.0101956 -0.0192753 0.999762 -0.633452
0.686707 -0.726918 -0.00487174 129.373 0.726772 0.686396 0.0257431 78.7816 -0.0153692 -0.0212186 0.999657 -0.690287
0.685665 -0.727916 -0.00109759 129.955 0.727795 0.685522 0.019339 79.3792 -0.0133247 -0.0140589 0.999812 -0.706776
0.681746 -0.731588 -0.00110563 130.519 0.731581 0.681731 0.00561058 79.9486 -0.00335089 -0.00463386 0.999984 -0.651839
0.677746 -0.735295 -0.00101379 131.046 0.735295 0.677743 0.00228888 80.5459 -0.000995914 -0.00229671 0.999997 -0.604693
0.671664 -0.740845 0.00402324 131.586 0.740806 0.671672 0.00791005 81.1763 -0.00856242 -0.00233246 0.999961 -0.672803
0.667607 -0.744468 0.008241 132.085 0.74432 0.667645 0.0154421 81.7301 -0.0169982 -0.00417532 0.999847 -0.770176
0.664614 -0.747126 0.00953651 132.672 0.746714 0.664593 0.0271038 82.3878 -0.0265878 -0.0108925 0.999587 -0.840018
0.662939 -0.748316 0.0231123 133.15 0.748002 0.663336 0.0218839 82.9182 -0.0317073 0.00278034 0.999493 -0.725762
0.656867 -0.753307 0.0324852 133.67 0.753443 0.657432 0.0103395 83.5866 -0.0291456 0.0176841 0.999419 -0.741981
0.651968 -0.757935 0.0217295 134.223 0.757984 0.652229 0.00760638 84.224 -0.0199377 0.0115115 0.999735 -0.811195
0.647281 -0.762248 -0.00231632 134.711 0.762248 0.647266 0.00499117 84.8099 -0.00230523 -0.0049963 0.999985 -0.765357
0.642682 -0.76607 -0.00985812 135.259 0.766133 0.642623 0.00867448 85.4479 -0.000310198 -0.0131276 0.999914 -0.677175
0.636472 -0.771203 -0.0121988 135.793 0.771298 0.636356 0.0122896 86.0858 -0.00171505 -0.0172309 0.99985 -0.611607
0.630454 -0.77612 -0.0128498 136.282 0.776227 0.630359 0.0109708 86.7112 -0.00041466 -0.016891 0.999857 -0.582378
0.623067 -0.782025 -0.0149816 136.801 0.782167 0.622978 0.0106029 87.3764 0.00104146 -0.0183244 0.999832 -0.597876
0.616662 -0.787098 -0.0143036 137.288 0.787224 0.616613 0.00811667 88.0558 0.00243117 -0.0162654 0.999865 -0.636783
0.609577 -0.792678 -0.00880746 137.778 0.792725 0.609559 0.0049066 88.67 0.00147932 -0.00997284 0.999949 -0.634221
0.602828 -0.797806 -0.0102417 138.278 0.797867 0.602732 0.0110353 89.3163 -0.00263098 -0.0148239 0.999887 -0.617191
0.596988 -0.802142 -0.0131791 138.789 0.802212 0.596718 0.0195797 90.0167 -0.00784151 -0.0222613 0.999721 -0.621388
0.591159 -0.806466 -0.0119799 139.224 0.806408 0.590703 0.0278371 90.6698 -0.0153731 -0.0261169 0.999541 -0.674616
0.585598 -0.810552 -0.00896123 139.735 0.810366 0.585125 0.0305942 91.3511 -0.0195548 -0.0251778 0.999492 -0.702248
0.580763 -0.814 -0.0108654 140.195 0.813839 0.580225 0.0316964 92.0524 -0.0194965 -0.0272508 0.999438 -0.751839
0.57706 -0.816556 -0.0154328 140.645 0.816589 0.576562 0.0275415 92.7214 -0.0135912 -0.0284954 0.999502 -0.74096
0.575677 -0.817199 -0.0279597 141.202 0.817669 0.57518 0.0241935 93.4235 -0.00368908 -0.0367894 0.999316 -0.648011
0.572973 -0.819079 -0.0284671 141.626 0.819574 0.572628 0.0199006 94.0986 8.36328e-07 -0.0347334 0.999397 -0.608705
0.570882 -0.820542 -0.0283562 142.081 0.821027 0.570425 0.0229994 94.7249 -0.00269682 -0.0364112 0.999333 -0.561796
0.567088 -0.823237 -0.0262999 142.463 0.823553 0.566219 0.0340061 95.4365 -0.0131035 -0.0409438 0.999076 -0.57958
0.564209 -0.825299 -0.0234233 142.931 0.825267 0.562889 0.0457187 96.1226 -0.0245468 -0.0451254 0.99868 -0.678142
0.561601 -0.827257 -0.0158095 143.415 0.827043 0.560684 0.0404111 96.7409 -0.0245662 -0.03577 0.999058 -0.76457
0.556544 -0.830564 -0.020532 143.919 0.830803 0.556215 0.0197965 97.5189 -0.00502209 -0.0280757 0.999593 -0.670904
0.551407 -0.834182 -0.00957032 144.371 0.834232 0.551328 0.00974944 98.1771 -0.00285642 -0.0133598 0.999907 -0.557719
0.545362 -0.838096 -0.0132457 144.811 0.838194 0.545228 0.0125446 98.8525 -0.00329169 -0.0179438 0.999834 -0.556358
0.538472 -0.842493 -0.0159385 145.29 0.842618 0.538212 0.0179734 99.6172 -0.00656419 -0.0231082 0.999711 -0.559861
0.531862 -0.846755 -0.0113713 145.676 0.846802 0.531683 0.0154919 100.291 -0.00707195 -0.0178688 0.999815 -0.357367
0.528035 -0.848989 -0.0199197 146.103 0.848856 0.526974 0.0417228 100.862 -0.024925 -0.03894 0.998931 -0.895992
0.522229 -0.852673 -0.0150576 146.556 0.852432 0.521396 0.0388053 101.626 -0.0252372 -0.0331008 0.999133 -0.873357
0.517135 -0.855785 -0.0142368 146.934 0.855673 0.516538 0.0318047 102.333 -0.0198641 -0.0286294 0.999393 -0.821297
0.510327 -0.859946 -0.00764401 147.422 0.859904 0.510144 0.0178305 103.069 -0.0114337 -0.0156725 0.999812 -0.85679
0.504357 -0.863476 0.00580674 147.861 0.863479 0.504377 0.0028461 103.768 -0.00538633 0.00357855 0.999979 -0.771004
0.499539 -0.866284 0.00358391 148.282 0.866241 0.49955 0.00878051 104.523 -0.00939676 -0.00128168 0.999955 -0.726065
0.494865 -0.868877 0.0127314 148.631 0.868752 0.495016 0.0151398 105.22 -0.0194569 0.00356823 0.999804 -0.767873
0.48991 -0.871584 0.018124 149.098 0.871304 0.490223 0.0226014 106.056 -0.0285838 0.00471886 0.99958 -0.696322
0.487259 -0.873108 0.0161654 149.504 0.872929 0.4875 0.0184207 106.797 -0.0239639 0.00513559 0.9997 -0.775162
0.485865 -0.873932 0.0133326 149.868 0.873856 0.486017 0.0127932 107.511 -0.0176602 0.00543502 0.999829 -0.76186
0.484558 -0.874681 -0.0117 150.264 0.874735 0.484401 0.0139648 108.249 -0.00654729 -0.0170011 0.999834 -0.77448
0.480959 -0.876345 -0.0264201 150.686 0.876731 0.480574 0.0197769 109.022 -0.00463457 -0.0326751 0.999455 -0.794513
0.479263 -0.877327 -0.0245684 151.092 0.877627 0.478771 0.0234134 109.791 -0.0087786 -0.0327831 0.999424 -0.847303
0.478813 -0.877728 -0.0181969 151.442 0.877718 0.478161 0.0311837 110.49 -0.0186697 -0.0309029 0.999348 -0.915326
0.478271 -0.877979 -0.020257 151.845 0.877888 0.47734 0.0381934 111.288 -0.0238635 -0.0360501 0.999065 -0.923082
0.477005 -0.878795 -0.013613 152.197 0.878541 0.47631 0.0359767 111.993 -0.0251321 -0.0291206 0.99926 -0.956881
0.475723 -0.879592 -0.00248066 152.628 0.879434 0.47558 0.0204872 112.795 -0.0168406 -0.0119278 0.999787 -0.968578
0.473654 -0.880637 -0.0114735 153.049 0.880688 0.473506 0.0134631 113.534 -0.00642331 -0.0164814 0.999843 -1.01413
0.473378 -0.88083 -0.00718936 153.426 0.880852 0.473324 0.00799952 114.21 -0.00364332 -0.0101196 0.999942 -0.944759
0.471297 -0.881807 -0.0171766 153.808 0.881958 0.471078 0.0153429 114.981 -0.0054379 -0.0223801 0.999735 -0.939967
0.470575 -0.882058 -0.0230818 154.273 0.882316 0.470128 0.02234 115.781 -0.00885381 -0.0308781 0.999484 -0.956408
0.469871 -0.882638 -0.0131147 154.721 0.882626 0.469529 0.0226537 116.579 -0.0138372 -0.0222197 0.999657 -0.975954
0.469142 -0.882886 -0.0204426 155.051 0.883067 0.468726 0.0220913 117.28 -0.00992212 -0.0284162 0.999547 -1.03736
0.469382 -0.88291 -0.0122515 155.41 0.882967 0.469212 0.0144551 117.981 -0.007014 -0.0176026 0.99982 -0.905368
0.468776 -0.883239 -0.0117649 155.753 0.8833 0.468644 0.0123865 118.764 -0.00542669 -0.0161984 0.999854 -0.859602
0.46787 -0.883518 -0.0222044 156.186 0.883769 0.467506 0.0197513 119.592 -0.00706992 -0.0288646 0.999558 -0.938426
0.46863 -0.883196 -0.0187152 156.588 0.883311 0.468188 0.0237155 120.287 -0.0121832 -0.0276451 0.999544 -0.894556
0.466863 -0.8841 -0.0201485 156.959 0.884142 0.466173 0.031233 121.045 -0.0182204 -0.0323957 0.999309 -0.937023
0.465286 -0.884953 -0.0191471 157.325 0.884951 0.464597 0.0317971 121.748 -0.0192433 -0.031739 0.999311 -0.89293
0.465222 -0.885002 -0.0184303 157.73 0.885046 0.464662 0.0279737 122.516 -0.016193 -0.0293256 0.999439 -0.922347
0.46472 -0.884676 -0.0371875 158.087 0.885423 0.463919 0.0283783 123.203 -0.00785362 -0.0461146 0.998905 -1.02459
0.463906 -0.884898 -0.0418068 158.506 0.885852 0.462967 0.0304651 123.948 -0.00760335 -0.0511676 0.998661 -1.01565
0.462668 -0.885727 -0.03776 158.896 0.886474 0.461734 0.0310694 124.672 -0.0100839 -0.0478481 0.998804 -1.09438
0.460377 -0.887527 -0.0186877 159.243 0.887349 0.459469 0.0387403 125.397 -0.0257966 -0.0344177 0.999075 -1.0463
0.459065 -0.888382 0.00607836 159.573 0.887774 0.458987 0.0344687 126.068 -0.0334113 -0.0104272 0.999387 -1.00629
0.459113 -0.888377 -0.000833122 159.904 0.888021 0.458902 0.0287654 126.702 -0.0251722 -0.0139464 0.999586 -1.01644
0.459167 -0.888335 -0.00516594 160.238 0.888138 0.458923 0.0245206 127.343 -0.0194118 -0.0158471 0.999686 -1.0007
0.460199 -0.887672 -0.0159463 160.564 0.887713 0.459797 0.0235126 128.024 -0.0135394 -0.0249762 0.999596 -1.02233
0.461653 -0.886813 -0.0209494 160.893 0.887033 0.461323 0.0188057 128.607 -0.00701267 -0.0272645 0.999604 -1.0646
0.463989 -0.8857 -0.0158162 161.223 0.88583 0.46382 0.0132837 129.227 -0.00442954 -0.020174 0.999787 -1.033
0.468846 -0.883154 -0.0149158 161.463 0.883274 0.468712 0.0117014 129.764 -0.0033429 -0.0186608 0.99982 -0.971327
0.475384 -0.879654 -0.0148109 161.81 0.87976 0.475197 0.0145235 130.368 -0.00573754 -0.0199342 0.999785 -0.970728
0.478859 -0.87783 -0.0104537 162.081 0.877679 0.478446 0.0277413 130.861 -0.0193506 -0.0224591 0.99956 -1.00302
0.484059 -0.874964 -0.0111677 162.43 0.874769 0.483557 0.0308385 131.493 -0.0215824 -0.0246968 0.999462 -1.02883
0.488816 -0.872354 -0.00751098 162.68 0.872155 0.48847 0.0272682 132.037 -0.0201187 -0.0198799 0.9996 -1.03085
0.494086 -0.869292 -0.0144912 163.062 0.869317 0.493716 0.0230856 132.686 -0.0129136 -0.0240037 0.999628 -1.03741
0.502399 -0.864308 -0.0238145 163.393 0.864633 0.50213 0.0165841 133.235 -0.00237579 -0.0289226 0.999579 -1.01996
